spawns: 
  default: 
    world: world
    x: 38.73231478321363
    y: 65.0
    z: 181.49114467153905
    yaw: -2.3184626
    pitch: -13.503577
