spawn:
  world: world
  x: -53.344421401898934
  y: 70.0625
  z: 159.72713224371597
  yaw: -90.0685
  pitch: 5.8464346
firstspawn:
  world: world
  x: -53.344421401898934
  y: 70.0625
  z: 159.72713224371597
  yaw: -90.0685
  pitch: 5.8464346
