jails: 
  1: 
    world: world
    x: -674.5819543386473
    y: 76.0
    z: 1116.4359554546113
    yaw: -9.323841
    pitch: 34.140713
