lastAccountName: CiftOyuncu
timestamps:
  login: 1543700733369
  logout: 1543700740606
ipAddress: 37.123.99.198
lastlocation:
  world: world
  x: 190.0
  y: 64.0
  z: 335.0
  yaw: 0.0
  pitch: 0.0
logoutlocation:
  world: world
  x: -7698.304503396616
  y: 153.0
  z: -8015.354549452454
  yaw: 229.81412
  pitch: 2.6624117
