lastAccountName: furkan0278
timestamps:
  login: 1543496074538
  logout: 1543496139730
ipAddress: 37.123.99.198
lastlocation:
  world: world
  x: 190.0
  y: 64.0
  z: 335.0
  yaw: 0.0
  pitch: 0.0
logoutlocation:
  world: world
  x: -7687.638506724932
  y: 152.0
  z: -8025.890446369209
  yaw: 179.8169
  pitch: 8.485022
