lastAccountName: MehmetBaba123321
timestamps:
  login: 1580636210809
  logout: 1580636630581
  lastteleport: 1580402825983
ipAddress: 185.9.156.198
lastlocation:
  world: world
  x: -134.2090128593354
  y: 96.0
  z: -420.3554612261611
  yaw: -79.19403
  pitch: 5.6161547
money: '500.0'
logoutlocation:
  world: world
  x: -105.61974420040491
  y: 100.0
  z: -419.45245555891245
  yaw: -272.6737
  pitch: -1.9720734
