lastAccountName: iKaanFG
timestamps:
  login: 1543697585411
  logout: 1543697590022
  lastteleport: 1543688440259
ipAddress: 37.123.99.198
lastlocation:
  world: world
  x: -7693.288974036987
  y: 30.144626230566935
  z: -8052.2675288810415
  yaw: -97.159424
  pitch: 90.0
logoutlocation:
  world: world
  x: -7695.9223723121895
  y: 152.0
  z: -8015.9965303280715
  yaw: -100.585365
  pitch: 9.754202
money: '100.0'
