lastAccountName: AkinXL
timestamps:
  login: 1580313044872
  logout: 1580313490069
ipAddress: 185.9.156.198
lastlocation:
  world: world
  x: -101.02646802530029
  y: 100.0625
  z: -419.49353718319264
  yaw: -269.65494
  pitch: 1.927168
money: '500.0'
logoutlocation:
  world: world
  x: -146.1153259792452
  y: 97.0
  z: -417.01178972350533
  yaw: -331.3056
  pitch: 49.32711
