lastAccountName: xEmreBey95
timestamps:
  login: 1580218347291
  logout: 1580218485475
ipAddress: 185.9.156.198
lastlocation:
  world: world
  x: -101.02646802530029
  y: 100.0625
  z: -419.49353718319264
  yaw: -269.65494
  pitch: 1.927168
money: '500.0'
logoutlocation:
  world: world
  x: -130.98805461842616
  y: 96.0
  z: -429.83237100881
  yaw: -262.71555
  pitch: 8.685575
