lastAccountName: VTGamer
timestamps:
  login: 1580465449929
  logout: 1580465458683
ipAddress: 185.9.156.198
lastlocation:
  world: world
  x: -101.02646802530029
  y: 100.0625
  z: -419.49353718319264
  yaw: -269.65494
  pitch: 1.927168
logoutlocation:
  world: world
  x: -134.1080580703178
  y: 96.5
  z: -432.19999998807907
  yaw: -220.90492
  pitch: 16.027166
