lastAccountName: MrAngelDeath
timestamps:
  login: 1583506494794
  logout: 1583506565457
ipAddress: 95.65.170.74
lastlocation:
  world: world
  x: -101.02646802530029
  y: 100.0625
  z: -419.49353718319264
  yaw: -269.65494
  pitch: 1.927168
money: '500.0'
logoutlocation:
  world: world
  x: -112.18181965989983
  y: 99.5
  z: -419.1394074150487
  yaw: -111.83502
  pitch: 1.4051929
