lastAccountName: QuentinB2005
timestamps:
  login: 1580821021525
  logout: 1580821343172
ipAddress: 185.9.156.198
lastlocation:
  world: world
  x: -101.02646802530029
  y: 100.0625
  z: -419.49353718319264
  yaw: -269.65494
  pitch: 1.927168
money: '500.0'
logoutlocation:
  world: world
  x: -106.0179431116209
  y: 100.0625
  z: -422.1336817087006
  yaw: -102.50137
  pitch: 8.041795
