lastAccountName: OMERASAF54
timestamps:
  login: 1580402971561
  logout: 1580403084695
ipAddress: 185.9.156.198
lastlocation:
  world: world
  x: -101.02646802530029
  y: 100.0625
  z: -419.49353718319264
  yaw: -269.65494
  pitch: 1.927168
money: '500.0'
logoutlocation:
  world: world
  x: -128.42584157922954
  y: 97.0
  z: -436.265470562812
  yaw: -263.35492
  pitch: 1.927168
