lastAccountName: issizadam1998
timestamps:
  login: 1580312075961
  logout: 1580312083651
ipAddress: 185.9.156.198
lastlocation:
  world: world
  x: -101.02646802530029
  y: 100.0625
  z: -419.49353718319264
  yaw: -269.65494
  pitch: 1.927168
money: '500.0'
logoutlocation:
  world: world
  x: -109.53816294289088
  y: 100.0
  z: -418.8815021417742
  yaw: -60.974426
  pitch: 13.996858
