lastAccountName: RitimsizEmre
timestamps:
  login: 1580850276156
  logout: 1580852395786
ipAddress: 185.9.156.198
lastlocation:
  world: world
  x: -101.02646802530029
  y: 100.0625
  z: -419.49353718319264
  yaw: -269.65494
  pitch: 1.927168
logoutlocation:
  world: world
  x: -152.26849285849033
  y: 97.0
  z: -409.7751398866907
  yaw: 352.84387
  pitch: 23.977169
money: '500.0'
