lastAccountName: ChubiiPlays
timestamps:
  login: 1580907532325
  logout: 1580907573743
ipAddress: 185.9.156.198
lastlocation:
  world: world
  x: -101.02646802530029
  y: 100.0625
  z: -419.49353718319264
  yaw: -269.65494
  pitch: 1.927168
logoutlocation:
  world: world
  x: -170.5196679999188
  y: 82.0
  z: -430.30000001192093
  yaw: -0.10491199
  pitch: 43.349957
money: '500.0'
