lastAccountName: PempePanzer
timestamps:
  login: 1543256100002
  logout: 1543256105622
ipAddress: 37.123.99.198
lastlocation:
  world: world
  x: 190.0
  y: 64.0
  z: 335.0
  yaw: 0.0
  pitch: 0.0
logoutlocation:
  world: world
  x: -7698.196731879331
  y: 153.0
  z: -8013.3141042798425
  yaw: 284.4
  pitch: 31.949995
