lastAccountName: AgrasifRG
timestamps:
  login: 1580498401774
  logout: 1580499352259
ipAddress: 185.9.156.198
lastlocation:
  world: world
  x: -101.02646802530029
  y: 100.0625
  z: -419.49353718319264
  yaw: -269.65494
  pitch: 1.927168
logoutlocation:
  world: world
  x: -102.2301979847455
  y: 100.0
  z: -419.4967690726154
  yaw: -269.65494
  pitch: 1.927168
money: '500.0'
