lastAccountName: Anonime
timestamps:
  login: 1580832949656
  logout: 1580833017150
ipAddress: 185.9.156.198
lastlocation:
  world: world
  x: -101.02646802530029
  y: 100.0625
  z: -419.49353718319264
  yaw: -269.65494
  pitch: 1.927168
money: '500.0'
logoutlocation:
  world: world
  x: -138.03513089735117
  y: 96.0
  z: -427.81471530347625
  yaw: -262.04962
  pitch: 20.544538
