lastAccountName: FURKANggl987
timestamps:
  login: 1580217183770
  logout: 1580217575736
ipAddress: 185.9.156.198
lastlocation:
  world: world
  x: -101.02646802530029
  y: 100.0625
  z: -419.49353718319264
  yaw: -269.65494
  pitch: 1.927168
money: '500.0'
logoutlocation:
  world: world
  x: -114.0026642116533
  y: 96.0
  z: -418.6015442158699
  yaw: -244.38263
  pitch: 33.959732
