lastAccountName: ErdemSakaryaKT
timestamps:
  login: 1580638163304
  logout: 1580638306368
ipAddress: 185.9.156.198
lastlocation:
  world: world
  x: -101.02646802530029
  y: 100.0625
  z: -419.49353718319264
  yaw: -269.65494
  pitch: 1.927168
money: '500.0'
logoutlocation:
  world: world
  x: -124.044612006899
  y: 96.0
  z: -418.39916352929015
  yaw: -254.19662
  pitch: 16.345934
