lastAccountName: NDFI79
timestamps:
  login: 1543589022751
ipAddress: 37.123.99.198
lastlocation:
  world: world
  x: 190.0
  y: 64.0
  z: 335.0
  yaw: 0.0
  pitch: 0.0
logoutlocation:
  world: world
  x: -7700.699999988079
  y: 154.0
  z: -8013.300000011921
  yaw: 0.0
  pitch: 0.0
