lastAccountName: KaanStrafe
timestamps:
  login: 1580317930357
  logout: 1580318399847
ipAddress: 185.9.156.198
lastlocation:
  world: world
  x: -101.02646802530029
  y: 100.0625
  z: -419.49353718319264
  yaw: -269.65494
  pitch: 1.927168
logoutlocation:
  world: world
  x: -133.78794266146122
  y: 96.0
  z: -422.4729880105217
  yaw: -123.03235
  pitch: 3.4995918
