lastAccountName: Pahhy
timestamps:
  login: 1543609269974
  logout: 1543609270594
ipAddress: 37.123.99.198
lastlocation:
  world: world
  x: 190.0
  y: 64.0
  z: 335.0
  yaw: 0.0
  pitch: 0.0
money: '100.0'
logoutlocation:
  world: world
  x: -7698.764792405974
  y: 153.5
  z: -8014.93468172666
  yaw: 229.81412
  pitch: 2.6624117
