lastAccountName: iBurakYavuz
timestamps:
  login: 1543164755651
  logout: 1543164933081
  lastteleport: 1543164867844
ipAddress: 37.123.99.198
lastlocation:
  world: world
  x: -7687.039807804372
  y: 153.0
  z: -8040.266272892312
  yaw: 179.33395
  pitch: 84.98997
logoutlocation:
  world: world
  x: -7700.448229983948
  y: 154.0
  z: -8013.6865501086795
  yaw: 229.81412
  pitch: 2.6624117
money: '100.0'
