lastAccountName: adabakr00
timestamps:
  login: 1580398716832
  logout: 1580398876034
ipAddress: 185.9.156.198
lastlocation:
  world: world
  x: -101.02646802530029
  y: 100.0625
  z: -419.49353718319264
  yaw: -269.65494
  pitch: 1.927168
money: '500.0'
logoutlocation:
  world: world
  x: -103.40481719758114
  y: 100.0
  z: -419.4999654467721
  yaw: -269.65494
  pitch: 1.927168
