lastAccountName: MrSketchy
timestamps:
  login: 1580473246774
  logout: 1580473359104
ipAddress: 185.9.156.198
lastlocation:
  world: world
  x: -101.02646802530029
  y: 100.0625
  z: -419.49353718319264
  yaw: -269.65494
  pitch: 1.927168
money: '500.0'
logoutlocation:
  world: world
  x: -111.36547387228903
  y: 96.0
  z: -421.1596724835842
  yaw: -260.74155
  pitch: 0.95079607
