lastAccountName: Army_Stars
timestamps:
  login: 1580837368759
  logout: 1580837383782
ipAddress: 185.9.156.198
lastlocation:
  world: world
  x: -101.02646802530029
  y: 100.0625
  z: -419.49353718319264
  yaw: -269.65494
  pitch: 1.927168
logoutlocation:
  world: world
  x: -139.72714378664676
  y: 96.5
  z: -408.8706890589704
  yaw: -309.61145
  pitch: 0.77727866
money: '500.0'
