lastAccountName: MasterMetehanV3
timestamps:
  login: 1544723643569
ipAddress: 127.0.0.1
lastlocation:
  world: world
  x: -101.02646802530029
  y: 100.0625
  z: -419.49353718319264
  yaw: -269.65494
  pitch: 1.927168
