lastAccountName: OrhanBeyK
timestamps:
  login: 1580478679120
  logout: 1580478698054
ipAddress: 185.9.156.198
lastlocation:
  world: world
  x: -101.02646802530029
  y: 100.0625
  z: -419.49353718319264
  yaw: -269.65494
  pitch: 1.927168
money: '500.0'
logoutlocation:
  world: world
  x: -116.9368290255417
  y: 96.0
  z: -419.52945592511617
  yaw: -269.65494
  pitch: 1.927168
