lastAccountName: bar320
timestamps:
  login: 1580736737174
  logout: 1580736762693
ipAddress: 185.9.156.198
lastlocation:
  world: world
  x: -101.02646802530029
  y: 100.0625
  z: -419.49353718319264
  yaw: -269.65494
  pitch: 1.927168
logoutlocation:
  world: world
  x: -134.19343417244195
  y: 96.0
  z: -412.829421324998
  yaw: -178.90488
  pitch: 58.177174
