lastAccountName: kerimberkinsavas
timestamps:
  login: 1580210796908
  logout: 1580210994603
ipAddress: 185.9.156.198
lastlocation:
  world: world
  x: -101.02646802530029
  y: 100.0625
  z: -419.49353718319264
  yaw: -269.65494
  pitch: 1.927168
money: '500.0'
logoutlocation:
  world: world
  x: -138.2244402927058
  y: 96.0
  z: -423.16905344007625
  yaw: -198.34912
  pitch: 11.627744
