lastAccountName: Crefax
timestamps:
  login: 1580377057129
  logout: 1580378208251
ipAddress: 185.9.156.198
lastlocation:
  world: world
  x: -101.02646802530029
  y: 100.0625
  z: -419.49353718319264
  yaw: -269.65494
  pitch: 1.927168
money: '500.0'
logoutlocation:
  world: world
  x: -137.5304846022233
  y: 97.0155550727022
  z: -421.5959184052223
  yaw: -214.75473
  pitch: 15.727168
