lastAccountName: SamuelCnc3
timestamps:
  login: 1544957990618
  lastteleport: 1544958593880
ipAddress: 88.230.183.9
lastlocation:
  world: world
  x: -108.39880107249266
  y: 100.66187512926435
  z: -428.30000001192093
  yaw: 16.421814
  pitch: 8.989975
logoutlocation:
  world: world
  x: -101.5
  y: 100.0
  z: -419.5
  yaw: -269.65494
  pitch: 1.027168
