lastAccountName: Reis8990TR
timestamps:
  login: 1580379497337
  logout: 1580380541076
ipAddress: 185.9.156.198
lastlocation:
  world: world
  x: -101.02646802530029
  y: 100.0625
  z: -419.49353718319264
  yaw: -269.65494
  pitch: 1.927168
logoutlocation:
  world: world
  x: -99.37595112231179
  y: 100.0
  z: -425.45935640733046
  yaw: -332.90125
  pitch: 27.419388
money: '500.0'
