lastAccountName: Metin_U
timestamps:
  login: 1580215262232
  logout: 1580215509503
ipAddress: 185.9.156.198
lastlocation:
  world: world
  x: -101.02646802530029
  y: 100.0625
  z: -419.49353718319264
  yaw: -269.65494
  pitch: 1.927168
money: '500.0'
logoutlocation:
  world: world
  x: -142.15984299725778
  y: 97.0
  z: -404.14275889865627
  yaw: -306.7083
  pitch: 11.648659
