lastAccountName: x0mer0K
timestamps:
  login: 1580495313151
  logout: 1580496117903
ipAddress: 185.9.156.198
lastlocation:
  world: world
  x: -101.02646802530029
  y: 100.0625
  z: -419.49353718319264
  yaw: -269.65494
  pitch: 1.927168
money: '500.0'
logoutlocation:
  world: world
  x: -133.96223544267886
  y: 96.0
  z: -413.10946163849303
  yaw: -275.76224
  pitch: 1.9271681
