lastAccountName: BerkKrkmz
timestamps:
  login: 1580319420240
  logout: 1580319455548
ipAddress: 185.9.156.198
lastlocation:
  world: world
  x: -101.02646802530029
  y: 100.0625
  z: -419.49353718319264
  yaw: -269.65494
  pitch: 1.927168
money: '500.0'
logoutlocation:
  world: world
  x: -130.8251467881197
  y: 97.0
  z: -437.4770225251445
  yaw: -6.855774
  pitch: 29.527145
