lastAccountName: ismail1453
timestamps:
  login: 1580304434810
  logout: 1580304444190
ipAddress: 185.9.156.198
lastlocation:
  world: world
  x: -101.02646802530029
  y: 100.0625
  z: -419.49353718319264
  yaw: -269.65494
  pitch: 1.927168
logoutlocation:
  world: world
  x: -107.72752359741799
  y: 100.0625
  z: -419.51271542862753
  yaw: -261.43112
  pitch: 5.6256948
