lastAccountName: YouDoMe
timestamps:
  login: 1580751556619
  logout: 1580752285850
ipAddress: 185.9.156.198
lastlocation:
  world: world
  x: -101.02646802530029
  y: 100.0625
  z: -419.49353718319264
  yaw: -269.65494
  pitch: 1.927168
money: '500.0'
logoutlocation:
  world: world
  x: -140.32303397035432
  y: 96.0
  z: -420.16232730524564
  yaw: -43.62135
  pitch: 26.965311
