lastAccountName: Andro121
timestamps:
  login: 1580586081156
  logout: 1580586327315
ipAddress: 185.9.156.198
lastlocation:
  world: world
  x: -101.02646802530029
  y: 100.0625
  z: -419.49353718319264
  yaw: -269.65494
  pitch: 1.927168
money: '500.0'
logoutlocation:
  world: world
  x: -111.69006099117178
  y: 96.0
  z: -424.41210583660046
  yaw: -84.55494
  pitch: 84.9
