lastAccountName: flashman58
timestamps:
  login: 1543687018907
  logout: 1543687029092
ipAddress: 37.123.99.198
lastlocation:
  world: world
  x: 190.0
  y: 64.0
  z: 335.0
  yaw: 0.0
  pitch: 0.0
logoutlocation:
  world: world
  x: -7699.071576931954
  y: 154.0
  z: -8013.271574301645
  yaw: 245.778
  pitch: 37.3221
