lastAccountName: MasterRod2013
timestamps:
  login: 1580305859460
  logout: 1580306919956
ipAddress: 185.9.156.198
lastlocation:
  world: world
  x: -101.02646802530029
  y: 100.0625
  z: -419.49353718319264
  yaw: -269.65494
  pitch: 1.927168
money: '500.0'
logoutlocation:
  world: world
  x: -126.07968496639074
  y: 96.0
  z: -433.80620356208414
  yaw: -99.6162
  pitch: 10.687473
