lastAccountName: tobbin2
timestamps:
  login: 1583500282974
  logout: 1583500288496
ipAddress: 78.175.114.177
lastlocation:
  world: world
  x: -101.02646802530029
  y: 100.0625
  z: -419.49353718319264
  yaw: -269.65494
  pitch: 1.927168
logoutlocation:
  world: world
  x: -101.5
  y: 100.0
  z: -419.5
  yaw: -269.65494
  pitch: 1.927168
