lastAccountName: reflexibility
timestamps:
  login: 1580243204674
  logout: 1580243489108
ipAddress: 185.9.156.198
lastlocation:
  world: world
  x: -101.02646802530029
  y: 100.0625
  z: -419.49353718319264
  yaw: -269.65494
  pitch: 1.927168
money: '500.0'
logoutlocation:
  world: world
  x: -102.7011559500621
  y: 100.0
  z: -419.4788808974373
  yaw: -271.1013
  pitch: 2.7859654
