lastAccountName: EmreYeni
timestamps:
  login: 1580658938923
  logout: 1580659627398
ipAddress: 185.9.156.198
lastlocation:
  world: world
  x: -101.02646802530029
  y: 100.0625
  z: -419.49353718319264
  yaw: -269.65494
  pitch: 1.927168
money: '500.0'
logoutlocation:
  world: world
  x: -110.9812347952771
  y: 100.0
  z: -419.5207418786632
  yaw: -269.65494
  pitch: 1.927168
