lastAccountName: RitimsizFurkan
timestamps:
  login: 1580850494019
  logout: 1580851296519
ipAddress: 185.9.156.198
lastlocation:
  world: world
  x: -107.42729457281403
  y: 100.0
  z: -412.45949240765276
  yaw: -0.9525653
  pitch: 36.7975
logoutlocation:
  world: world
  x: -164.53771518517252
  y: 95.0
  z: -388.30000001192093
  yaw: 328.02472
  pitch: 17.872265
money: '500.0'
