lastAccountName: WindTR
timestamps:
  login: 1543700673426
  logout: 1543700707881
ipAddress: 37.123.99.198
lastlocation:
  world: world
  x: 190.0
  y: 64.0
  z: 335.0
  yaw: 0.0
  pitch: 0.0
logoutlocation:
  world: world
  x: -7666.811342814776
  y: 152.0
  z: -8025.2666694423415
  yaw: -227.39995
  pitch: 10.800002
