lastAccountName: safakk52
timestamps:
  login: 1580816346662
  logout: 1580816361162
ipAddress: 185.9.156.198
lastlocation:
  world: world
  x: -101.02646802530029
  y: 100.0625
  z: -419.49353718319264
  yaw: -269.65494
  pitch: 1.927168
money: '500.0'
logoutlocation:
  world: world
  x: -121.50612345146293
  y: 96.0
  z: -420.93937647334536
  yaw: -255.10495
  pitch: -40.522835
