lastAccountName: TROJENBEY
timestamps:
  login: 1580636402200
  logout: 1580636421607
ipAddress: 185.9.156.198
lastlocation:
  world: world
  x: -101.02646802530029
  y: 100.0625
  z: -419.49353718319264
  yaw: -269.65494
  pitch: 1.927168
money: '500.0'
logoutlocation:
  world: world
  x: -102.746485259995
  y: 100.0
  z: -419.4982725524279
  yaw: -234.70494
  pitch: -1.6728319
