lastAccountName: Somonn
timestamps:
  login: 1580228173820
  logout: 1580228544347
ipAddress: 185.9.156.198
lastlocation:
  world: world
  x: -101.02646802530029
  y: 100.0625
  z: -419.49353718319264
  yaw: -269.65494
  pitch: 1.927168
money: '500.0'
logoutlocation:
  world: world
  x: -133.01903000217857
  y: 96.0
  z: -406.8178936272638
  yaw: -104.81769
  pitch: 19.022703
