lastAccountName: zazapolat58
timestamps:
  login: 1580138357482
  logout: 1580138374669
ipAddress: 185.9.156.198
lastlocation:
  world: world
  x: -101.02646802530029
  y: 100.0625
  z: -419.49353718319264
  yaw: -269.65494
  pitch: 1.927168
money: '500.0'
logoutlocation:
  world: world
  x: -124.89929093731567
  y: 96.0
  z: -415.52760432577253
  yaw: -0.2548828
  pitch: 13.177169
