lastAccountName: TheTpHart
timestamps:
  login: 1580407727183
  logout: 1580409140540
ipAddress: 185.9.156.198
lastlocation:
  world: world
  x: -101.02646802530029
  y: 100.0625
  z: -419.49353718319264
  yaw: -269.65494
  pitch: 1.927168
money: '500.0'
logoutlocation:
  world: world
  x: -135.17022653221045
  y: 96.0
  z: -428.49193932708005
  yaw: -196.00484
  pitch: 8.377168
