lastAccountName: Khqn
timestamps:
  login: 1580756219745
  logout: 1580756425738
ipAddress: 185.9.156.198
lastlocation:
  world: world
  x: -101.02646802530029
  y: 100.0625
  z: -419.49353718319264
  yaw: -269.65494
  pitch: 1.927168
logoutlocation:
  world: world
  x: -122.96619870870651
  y: 96.0
  z: -420.662718075898
  yaw: -83.85943
  pitch: -2.3596966
money: '500.0'
