lastAccountName: arda1234adam
timestamps:
  login: 1580325461019
  logout: 1580325473531
ipAddress: 185.9.156.198
lastlocation:
  world: world
  x: -101.02646802530029
  y: 100.0625
  z: -419.49353718319264
  yaw: -269.65494
  pitch: 1.927168
logoutlocation:
  world: world
  x: -101.02646802530029
  y: 100.0625
  z: -419.49353718319264
  yaw: -269.13107
  pitch: 2.1891046
money: '500.0'
