lastAccountName: ByFurkanR3KT
timestamps:
  login: 1580829771650
  logout: 1580830553247
ipAddress: 185.9.156.198
lastlocation:
  world: world
  x: -101.02646802530029
  y: 100.0625
  z: -419.49353718319264
  yaw: -269.65494
  pitch: 1.927168
money: '500.0'
logoutlocation:
  world: world
  x: -104.30760501591097
  y: 100.0
  z: -419.50316182092877
  yaw: -269.65494
  pitch: 1.927168
