lastAccountName: Emirhan9928
timestamps:
  login: 1580457963689
  logout: 1580458141576
ipAddress: 185.9.156.198
lastlocation:
  world: world
  x: -101.02646802530029
  y: 100.0625
  z: -419.49353718319264
  yaw: -269.65494
  pitch: 1.927168
logoutlocation:
  world: world
  x: -130.34078225372366
  y: 96.0
  z: -399.2575540518672
  yaw: -89.95532
  pitch: 23.52716
