lastAccountName: KvoProTR
timestamps:
  login: 1580668053808
  logout: 1580668077291
ipAddress: 185.9.156.198
lastlocation:
  world: world
  x: -101.02646802530029
  y: 100.0625
  z: -419.49353718319264
  yaw: -269.65494
  pitch: 1.927168
logoutlocation:
  world: world
  x: -115.12140286332831
  y: 96.0
  z: -418.05141531288524
  yaw: -263.21127
  pitch: 4.546538
money: '500.0'
