lastAccountName: Steck
timestamps:
  login: 1580553275237
  logout: 1580553719334
ipAddress: 185.9.156.198
lastlocation:
  world: world
  x: -101.02646802530029
  y: 100.0625
  z: -419.49353718319264
  yaw: -269.65494
  pitch: 1.927168
money: '500.0'
logoutlocation:
  world: world
  x: -133.2517220003853
  y: 96.0625
  z: -429.4159942493681
  yaw: -78.9132
  pitch: 7.9540305
