lastAccountName: RossHh
timestamps:
  login: 1580564193715
  logout: 1580564202443
ipAddress: 185.9.156.198
lastlocation:
  world: world
  x: -101.02646802530029
  y: 100.0625
  z: -419.49353718319264
  yaw: -269.65494
  pitch: 1.927168
money: '500.0'
logoutlocation:
  world: world
  x: -114.22898892627974
  y: 96.0
  z: -420.06632063327044
  yaw: -243.57338
  pitch: 8.6257105
