lastAccountName: BatuK_Game
timestamps:
  login: 1580460319639
  logout: 1580460632665
ipAddress: 185.9.156.198
lastlocation:
  world: world
  x: -101.02646802530029
  y: 100.0625
  z: -419.49353718319264
  yaw: -269.65494
  pitch: 1.927168
money: '500.0'
logoutlocation:
  world: world
  x: -145.03142825431394
  y: 96.0
  z: -425.2264183068538
  yaw: -270.85477
  pitch: 11.999985
