lastAccountName: BigBombers3460
timestamps:
  login: 1580662318583
  logout: 1580662672625
  lastteleport: 1580493026581
ipAddress: 185.9.156.198
lastlocation:
  world: world
  x: -109.83437580070613
  y: 100.0
  z: -419.3517461565082
  yaw: -224.08589
  pitch: 22.079823
money: '500.0'
logoutlocation:
  world: world
  x: -115.99007011555861
  y: 96.0
  z: -417.5699346923301
  yaw: -272.9732
  pitch: 32.695187
