lastAccountName: lie
timestamps:
  login: 1543681353042
  lastteleport: 1543678194226
  logout: 1543681358582
ipAddress: 37.123.99.198
lastlocation:
  world: world
  x: -7626.512025836783
  y: 88.0
  z: -8025.755295768252
  yaw: 9.157684
  pitch: 24.428099
money: '100.0'
logoutlocation:
  world: world
  x: -7697.547162117375
  y: 152.5
  z: -8015.944410116277
  yaw: 229.9613
  pitch: 2.7360122
