lastAccountName: N3rkoz_
timestamps:
  login: 1580403243444
  logout: 1580403368092
ipAddress: 185.9.156.198
lastlocation:
  world: world
  x: -101.02646802530029
  y: 100.0625
  z: -419.49353718319264
  yaw: -269.65494
  pitch: 1.927168
logoutlocation:
  world: world
  x: -144.53936485218225
  y: 99.24958710697351
  z: -419.57499998807907
  yaw: -179.32275
  pitch: 8.717268
