lastAccountName: Pevio
timestamps:
  login: 1580652958942
  logout: 1580654173361
ipAddress: 185.9.156.198
lastlocation:
  world: world
  x: -101.02646802530029
  y: 100.0625
  z: -419.49353718319264
  yaw: -269.65494
  pitch: 1.927168
money: '500.0'
logoutlocation:
  world: world
  x: -110.0547868844076
  y: 100.0
  z: -419.5054960096933
  yaw: -269.71948
  pitch: 3.7342114
