lastAccountName: jackdozza
timestamps:
  login: 1580321176148
  logout: 1580321784150
ipAddress: 185.9.156.198
lastlocation:
  world: world
  x: -101.02646802530029
  y: 100.0625
  z: -419.49353718319264
  yaw: -269.65494
  pitch: 1.927168
money: '500.0'
logoutlocation:
  world: world
  x: -105.75986723089208
  y: 100.0625
  z: -419.52669566199415
  yaw: -281.5125
  pitch: 9.113668
