lastAccountName: _LoreX
timestamps:
  login: 1580838003616
  logout: 1580838801703
ipAddress: 185.9.156.198
lastlocation:
  world: world
  x: -101.02646802530029
  y: 100.0625
  z: -419.49353718319264
  yaw: -269.65494
  pitch: 1.927168
money: '500.0'
logoutlocation:
  world: world
  x: -139.69999998807907
  y: 97.0
  z: -434.56550870133617
  yaw: 99.19763
  pitch: 51.000053
