lastAccountName: hiledeneme_v9
timestamps:
  login: 1580412275912
  logout: 1580412290206
ipAddress: 185.9.156.198
lastlocation:
  world: world
  x: -101.02646802530029
  y: 100.0625
  z: -419.49353718319264
  yaw: -269.65494
  pitch: 1.927168
logoutlocation:
  world: world
  x: -111.0572951322057
  y: 100.0
  z: -419.50990113232433
  yaw: -270.16113
  pitch: 2.1923053
