lastAccountName: BulutPro06
timestamps:
  login: 1580218312468
  logout: 1580218329350
ipAddress: 185.9.156.198
lastlocation:
  world: world
  x: -101.02646802530029
  y: 100.0625
  z: -419.49353718319264
  yaw: -269.65494
  pitch: 1.927168
logoutlocation:
  world: world
  x: -113.47803722350496
  y: 96.0
  z: -418.97958717357477
  yaw: -257.836
  pitch: 8.212181
