lastAccountName: Shinga
timestamps:
  login: 1543666249397
  mute: 1543667061137
  logout: 1543666430276
  lastteleport: 1543665954393
ipAddress: 37.123.99.198
lastlocation:
  world: world
  x: -7631.720336720079
  y: 88.0
  z: -8001.866869770376
  yaw: 103.31787
  pitch: 4.34143
money: '100.0'
muted: true
logoutlocation:
  world: world
  x: -7667.406609576333
  y: 152.0
  z: -8004.07473642342
  yaw: 309.01376
  pitch: 13.912415
