lastAccountName: Ali007gs
timestamps:
  login: 1580215236588
  logout: 1580215374223
ipAddress: 185.9.156.198
lastlocation:
  world: world
  x: -101.02646802530029
  y: 100.0625
  z: -419.49353718319264
  yaw: -269.65494
  pitch: 1.927168
money: '500.0'
logoutlocation:
  world: world
  x: -114.25380641028595
  y: 96.0
  z: -419.51418533255867
  yaw: -269.65494
  pitch: 1.927168
