lastAccountName: Emmeirrt
timestamps:
  login: 1580285458245
  logout: 1580285501288
ipAddress: 185.9.156.198
lastlocation:
  world: world
  x: -101.02646802530029
  y: 100.0625
  z: -419.49353718319264
  yaw: -269.65494
  pitch: 1.927168
logoutlocation:
  world: world
  x: -137.29463627741677
  y: 98.0
  z: -437.10396034951975
  yaw: -191.14532
  pitch: 1.4685473
