lastAccountName: MertYurtYT
timestamps:
  login: 1580403378421
  logout: 1580403693790
ipAddress: 185.9.156.198
logoutlocation:
  world: world
  x: -130.25174333635286
  y: 96.0
  z: -421.94099568937514
  yaw: -291.55396
  pitch: 8.253458
money: '500.0'
