lastAccountName: 250Pikachu
timestamps:
  login: 1580420500347
  logout: 1580421127721
ipAddress: 185.9.156.198
lastlocation:
  world: world
  x: -101.02646802530029
  y: 100.0625
  z: -419.49353718319264
  yaw: -269.65494
  pitch: 1.927168
logoutlocation:
  world: world
  x: -101.02646802530029
  y: 100.0625
  z: -419.49353718319264
  yaw: -267.51688
  pitch: 3.4445
money: '500.0'
