lastAccountName: xDantelius
timestamps:
  login: 1580742849901
  logout: 1580743046884
ipAddress: 185.9.156.198
lastlocation:
  world: world
  x: -101.02646802530029
  y: 100.0625
  z: -419.49353718319264
  yaw: -269.65494
  pitch: 1.927168
money: '500.0'
logoutlocation:
  world: world
  x: -119.44178628316641
  y: 96.0
  z: -419.5254653327976
  yaw: -269.48917
  pitch: 1.6508175
