lastAccountName: Preest
timestamps:
  login: 1580586141578
  logout: 1580586249370
ipAddress: 185.9.156.198
lastlocation:
  world: world
  x: -101.02646802530029
  y: 100.0625
  z: -419.49353718319264
  yaw: -269.65494
  pitch: 1.927168
logoutlocation:
  world: world
  x: -139.95399204146028
  y: 96.0
  z: -422.8476755646837
  yaw: 227.93231
  pitch: 4.1598845
