lastAccountName: YTProCyberTr
timestamps:
  login: 1580535349899
  logout: 1580539337213
ipAddress: 185.9.156.198
lastlocation:
  world: world
  x: -101.02646802530029
  y: 100.0625
  z: -419.49353718319264
  yaw: -269.65494
  pitch: 1.927168
logoutlocation:
  world: arena
  x: 228.84114571671478
  y: 77.0
  z: 1627.8076945839698
  yaw: -89.83386
  pitch: -3.150092
money: '500.0'
