lastAccountName: TunqHan
timestamps:
  login: 1580848139339
  logout: 1580848144819
ipAddress: 185.9.156.198
lastlocation:
  world: world
  x: -101.02646802530029
  y: 100.0625
  z: -419.49353718319264
  yaw: -269.65494
  pitch: 1.927168
logoutlocation:
  world: world
  x: -115.97156815987991
  y: 96.0
  z: -420.1612780194242
  yaw: -270.5804
  pitch: 20.94717
