lastAccountName: zNooghBDF
timestamps:
  login: 1580487792556
  logout: 1580488079372
ipAddress: 185.9.156.198
lastlocation:
  world: world
  x: -101.02646802530029
  y: 100.0625
  z: -419.49353718319264
  yaw: -269.65494
  pitch: 1.927168
logoutlocation:
  world: world
  x: -101.02646802530029
  y: 100.0625
  z: -419.49353718319264
  yaw: -47.211884
  pitch: 46.17745
money: '500.0'
