lastAccountName: mer346
timestamps:
  login: 1580211382980
  logout: 1580211176300
ipAddress: 185.9.156.198
lastlocation:
  world: world
  x: -101.02646802530029
  y: 100.0625
  z: -419.49353718319264
  yaw: -269.65494
  pitch: 1.927168
money: '500.0'
logoutlocation:
  world: world
  x: -138.00520306439472
  y: 97.0
  z: -434.21255929345625
  yaw: -164.81444
  pitch: 10.662685
