lastAccountName: hisoka0
timestamps:
  login: 1580899064855
  logout: 1580899088154
ipAddress: 185.9.156.198
lastlocation:
  world: world
  x: -101.02646802530029
  y: 100.0625
  z: -419.49353718319264
  yaw: -269.65494
  pitch: 1.927168
logoutlocation:
  world: world
  x: -108.22946353600494
  y: 100.0625
  z: -419.47898499313305
  yaw: -271.27728
  pitch: 7.043488
