lastAccountName: HeeDs_
timestamps:
  login: 1580293933858
  logout: 1580294341202
ipAddress: 185.9.156.198
lastlocation:
  world: world
  x: -101.02646802530029
  y: 100.0625
  z: -419.49353718319264
  yaw: -269.65494
  pitch: 1.927168
money: '500.0'
logoutlocation:
  world: world
  x: -133.84717075854223
  y: 96.0
  z: -419.6465568468254
  yaw: -270.40848
  pitch: 5.223986
