lastAccountName: Sweet02_Y
timestamps:
  login: 1580655423204
  logout: 1580656080869
ipAddress: 185.9.156.198
lastlocation:
  world: world
  x: -101.02646802530029
  y: 100.0625
  z: -419.49353718319264
  yaw: -269.65494
  pitch: 1.927168
money: '500.0'
logoutlocation:
  world: world
  x: -133.377216832753
  y: 96.0
  z: -423.60839009570327
  yaw: -253.45502
  pitch: 15.727177
