lastAccountName: HzPanda
timestamps:
  login: 1583433699165
  logout: 1583433701589
ipAddress: 85.107.92.39
lastlocation:
  world: world
  x: -101.02646802530029
  y: 100.0625
  z: -419.49353718319264
  yaw: -269.65494
  pitch: 1.927168
logoutlocation:
  world: world
  x: -103.95777883319762
  y: 100.0
  z: -419.50146892669375
  yaw: -269.65494
  pitch: 1.927168
