lastAccountName: Caner34TR
timestamps:
  login: 1580744183938
  logout: 1580744815308
ipAddress: 185.9.156.198
lastlocation:
  world: world
  x: -101.02646802530029
  y: 100.0625
  z: -419.49353718319264
  yaw: -269.65494
  pitch: 1.927168
money: '500.0'
logoutlocation:
  world: world
  x: -129.8023721068858
  y: 96.0
  z: -415.1711717567231
  yaw: -353.2563
  pitch: 12.9866495
