lastAccountName: iBaranK
timestamps:
  login: 1580566854117
  logout: 1580567648578
ipAddress: 185.9.156.198
lastlocation:
  world: world
  x: -101.02646802530029
  y: 100.0625
  z: -419.49353718319264
  yaw: -269.65494
  pitch: 1.927168
money: '500.0'
logoutlocation:
  world: world
  x: -109.76013207334631
  y: 100.0
  z: -417.7440430092414
  yaw: -110.050896
  pitch: 17.525688
