lastAccountName: Strafeee
timestamps:
  login: 1580339055960
  logout: 1580339271058
ipAddress: 185.9.156.198
lastlocation:
  world: world
  x: -101.02646802530029
  y: 100.0625
  z: -419.49353718319264
  yaw: -269.65494
  pitch: 1.927168
money: '500.0'
logoutlocation:
  world: world
  x: -95.68211549368215
  y: 98.0
  z: -407.51904141111817
  yaw: -93.8208
  pitch: 11.107262
