lastAccountName: AfterChanges
timestamps:
  login: 1580593236102
  logout: 1580593259144
ipAddress: 185.9.156.198
lastlocation:
  world: world
  x: -101.02646802530029
  y: 100.0625
  z: -419.49353718319264
  yaw: -269.65494
  pitch: 1.927168
logoutlocation:
  world: world
  x: -151.29462315526771
  y: 97.0
  z: -408.7841250282564
  yaw: -337.56815
  pitch: 9.281286
money: '500.0'
