lastAccountName: Kral80800
timestamps:
  login: 1580479297877
  logout: 1580479616349
ipAddress: 185.9.156.198
lastlocation:
  world: world
  x: -101.02646802530029
  y: 100.0625
  z: -419.49353718319264
  yaw: -269.65494
  pitch: 1.927168
money: '500.0'
logoutlocation:
  world: world
  x: -116.30563946254911
  y: 96.0
  z: -421.1700721883322
  yaw: -59.204838
  pitch: 2.5271595
