lastAccountName: BabyiKux
timestamps:
  login: 1580249119296
  lastteleport: 1580157717821
  logout: 1580249338637
ipAddress: 185.9.156.198
lastlocation:
  world: world
  x: -106.33210027782077
  y: 100.0625
  z: -419.48782667560965
  yaw: -262.76273
  pitch: 5.4382906
logoutlocation:
  world: world
  x: -157.17011383399154
  y: 101.76636799395752
  z: -428.3994775562793
  yaw: -62.669434
  pitch: 53.45822
money: '500.0'
