lastAccountName: yusufpvprekt
timestamps:
  login: 1580843007742
  logout: 1580843016332
ipAddress: 185.9.156.198
lastlocation:
  world: world
  x: -101.02646802530029
  y: 100.0625
  z: -419.49353718319264
  yaw: -269.65494
  pitch: 1.927168
logoutlocation:
  world: world
  x: -102.88612935967178
  y: 100.0
  z: -419.50438021657465
  yaw: -268.15494
  pitch: -19.972832
