lastAccountName: pokemon33hacked
timestamps:
  login: 1543247467181
  logout: 1543247619369
ipAddress: 37.123.99.198
lastlocation:
  world: world
  x: 190.0
  y: 64.0
  z: 335.0
  yaw: 0.0
  pitch: 0.0
money: '100.0'
logoutlocation:
  world: world
  x: -7638.362969405999
  y: -1583.6357341458606
  z: -8072.00017519846
  yaw: -79.587494
  pitch: -58.499996
