lastAccountName: Nagarox
timestamps:
  login: 1543687250213
  logout: 1543687870293
ipAddress: 37.123.99.198
lastlocation:
  world: world
  x: 190.0
  y: 64.0
  z: 335.0
  yaw: 0.0
  pitch: 0.0
money: '100.0'
logoutlocation:
  world: world
  x: -7661.3088010014035
  y: 80.0
  z: -7989.41828186302
  yaw: -345.29944
  pitch: 24.000017
