lastAccountName: Umut_Killer
timestamps:
  login: 1580837328100
  logout: 1580837865122
ipAddress: 185.9.156.198
lastlocation:
  world: world
  x: -101.02646802530029
  y: 100.0625
  z: -419.49353718319264
  yaw: -269.65494
  pitch: 1.927168
money: '500.0'
logoutlocation:
  world: world
  x: -157.51786947224693
  y: 104.0
  z: -422.5970491315848
  yaw: 247.245
  pitch: 90.0
