lastAccountName: 123guven123
timestamps:
  login: 1580295721267
  logout: 1580296920872
  lastteleport: 1580296393213
ipAddress: 185.9.156.198
lastlocation:
  world: arena
  x: -17.41669772026883
  y: 121.49842001559573
  z: 1653.3026175747482
  yaw: -129.6753
  pitch: 74.14334
money: '500.0'
logoutlocation:
  world: world
  x: -101.02646802530029
  y: 100.0625
  z: -419.49353718319264
  yaw: -269.65494
  pitch: 1.927168
