lastAccountName: alioku
timestamps:
  login: 1580417411029
  logout: 1580417458540
ipAddress: 185.9.156.198
lastlocation:
  world: world
  x: -101.02646802530029
  y: 100.0625
  z: -419.49353718319264
  yaw: -269.65494
  pitch: 1.927168
money: '500.0'
logoutlocation:
  world: world
  x: -143.57499998807907
  y: 97.72719631985505
  z: -420.9296347335981
  yaw: -272.35483
  pitch: 8.827157
