lastAccountName: FrankCrafter_2
timestamps:
  login: 1580483455436
  logout: 1580483520040
ipAddress: 185.9.156.198
lastlocation:
  world: world
  x: -101.02646802530029
  y: 100.0625
  z: -419.49353718319264
  yaw: -269.65494
  pitch: 1.927168
money: '500.0'
logoutlocation:
  world: world
  x: -134.21697840563536
  y: 97.0
  z: -433.32657834147165
  yaw: 226.01642
  pitch: 15.039686
