lastAccountName: ByDeraNN
timestamps:
  login: 1580747438545
  logout: 1580748317138
ipAddress: 185.9.156.198
lastlocation:
  world: world
  x: -101.02646802530029
  y: 100.0625
  z: -419.49353718319264
  yaw: -269.65494
  pitch: 1.927168
money: '500.0'
logoutlocation:
  world: world
  x: -105.22954549674418
  y: 100.0
  z: -419.5502812260498
  yaw: -265.31573
  pitch: 2.0627675
