lastAccountName: ImEmiliqno_
timestamps:
  login: 1580745261467
  logout: 1580745360884
ipAddress: 185.9.156.198
lastlocation:
  world: world
  x: -101.02646802530029
  y: 100.0625
  z: -419.49353718319264
  yaw: -269.65494
  pitch: 1.927168
money: '500.0'
logoutlocation:
  world: world
  x: -121.54608225214193
  y: 96.0
  z: -422.74541751324597
  yaw: -65.3461
  pitch: 16.977137
