lastAccountName: Burak_Eymen
timestamps:
  login: 1580245171567
  logout: 1580245544892
ipAddress: 185.9.156.198
lastlocation:
  world: world
  x: -101.02646802530029
  y: 100.0625
  z: -419.49353718319264
  yaw: -269.65494
  pitch: 1.927168
money: '500.0'
logoutlocation:
  world: world
  x: -127.94999998807906
  y: 96.0
  z: -421.6658573850282
  yaw: -255.24263
  pitch: 27.958525
