lastAccountName: EyupReyiz
timestamps:
  login: 1580210979162
  logout: 1580211050190
ipAddress: 185.9.156.198
lastlocation:
  world: world
  x: -101.02646802530029
  y: 100.0625
  z: -419.49353718319264
  yaw: -269.65494
  pitch: 1.927168
logoutlocation:
  world: world
  x: -155.99875086035155
  y: 96.0
  z: -393.9845225245992
  yaw: -62.72544
  pitch: 22.346056
