lastAccountName: Lymaes
timestamps:
  login: 1580142795517
  logout: 1580142919999
ipAddress: 185.9.156.198
lastlocation:
  world: world
  x: -101.02646802530029
  y: 100.0625
  z: -419.49353718319264
  yaw: -269.65494
  pitch: 1.927168
money: '500.0'
logoutlocation:
  world: world
  x: -134.31916933697144
  y: 97.0
  z: -442.6314190174731
  yaw: -304.3731
  pitch: 45.061844
