lastAccountName: _DarknessYusuf_
timestamps:
  login: 1580578889326
  logout: 1580578918799
ipAddress: 185.9.156.198
lastlocation:
  world: world
  x: -101.02646802530029
  y: 100.0625
  z: -419.49353718319264
  yaw: -269.65494
  pitch: 1.927168
money: '500.0'
logoutlocation:
  world: world
  x: -113.40221938774931
  y: 96.0
  z: -427.0257204506719
  yaw: -202.17293
  pitch: 4.3372464
