lastAccountName: xEndless_1
timestamps:
  login: 1580509256717
  logout: 1580509368744
ipAddress: 185.9.156.198
lastlocation:
  world: world
  x: -101.02646802530029
  y: 100.0625
  z: -419.49353718319264
  yaw: -269.65494
  pitch: 1.927168
money: '500.0'
logoutlocation:
  world: world
  x: -101.69999998807907
  y: 101.0
  z: -408.70160506448156
  yaw: -270.69473
  pitch: 37.354103
