lastAccountName: iBersunStqfe
timestamps:
  login: 1580459586649
  logout: 1580459632750
ipAddress: 185.9.156.198
lastlocation:
  world: world
  x: -101.02646802530029
  y: 100.0625
  z: -419.49353718319264
  yaw: -269.65494
  pitch: 1.927168
logoutlocation:
  world: world
  x: -118.74383254574741
  y: 96.0
  z: -418.97688628435384
  yaw: -283.0951
  pitch: -16.103394
