lastAccountName: LukasHannah
timestamps:
  login: 1580410412633
  logout: 1580410440028
ipAddress: 185.9.156.198
lastlocation:
  world: world
  x: -101.02646802530029
  y: 100.0625
  z: -419.49353718319264
  yaw: -269.65494
  pitch: 1.927168
money: '500.0'
logoutlocation:
  world: world
  x: -112.55346839317086
  y: 96.0
  z: -420.3693013505858
  yaw: -119.07788
  pitch: -2.9244022
