lastAccountName: iSametStrqfe05
timestamps:
  login: 1543165768175
  logout: 1543166005819
ipAddress: 37.123.99.198
lastlocation:
  world: world
  x: 190.0
  y: 64.0
  z: 335.0
  yaw: 0.0
  pitch: 0.0
money: '100.0'
logoutlocation:
  world: world
  x: -7675.12114388815
  y: -34.35537376943311
  z: -7911.980639133499
  yaw: 191.69073
  pitch: 24.821411
