lastAccountName: Push
timestamps:
  login: 1543666679846
  logout: 1543666688937
  lastteleport: 1543242482767
ipAddress: 37.123.99.198
lastlocation:
  world: world
  x: -7698.673934184603
  y: 153.5
  z: -8013.248537935325
  yaw: 268.673
  pitch: 6.629842
logoutlocation:
  world: world
  x: -7668.946748689761
  y: 152.0
  z: -8040.134405553355
  yaw: 248.41771
  pitch: 5.4880385
money: '100.0'
