lastAccountName: QWEWQEWQE
timestamps:
  login: 1580224514982
  logout: 1580224756349
ipAddress: 185.9.156.198
lastlocation:
  world: world
  x: -101.02646802530029
  y: 100.0625
  z: -419.49353718319264
  yaw: -269.65494
  pitch: 1.927168
money: '500.0'
logoutlocation:
  world: arena
  x: -341.6288237685905
  y: 87.0
  z: 1855.4217507077606
  yaw: -56.7771
  pitch: 3.497311
