lastAccountName: MuratBeyy
timestamps:
  login: 1543166234346
  logout: 1543166322611
ipAddress: 37.123.99.198
lastlocation:
  world: world
  x: 190.0
  y: 64.0
  z: 335.0
  yaw: 0.0
  pitch: 0.0
money: '100.0'
logoutlocation:
  world: world
  x: -7669.031835365641
  y: 88.0
  z: -7972.811538764525
  yaw: 125.91913
  pitch: 4.450883
