lastAccountName: Mert3838
timestamps:
  login: 1580317923108
  logout: 1580318092129
  lastteleport: 1580317947022
ipAddress: 185.9.156.198
lastlocation:
  world: world
  x: -114.47884330112265
  y: 96.0
  z: -418.42984850712816
  yaw: -105.08707
  pitch: -16.29434
money: '500.0'
logoutlocation:
  world: world
  x: -135.3782581688034
  y: 96.0
  z: -409.955718792523
  yaw: -255.03323
  pitch: 39.698353
