lastAccountName: Voltran23
timestamps:
  login: 1580405120430
  logout: 1580405281280
ipAddress: 185.9.156.198
lastlocation:
  world: world
  x: -101.02646802530029
  y: 100.0625
  z: -419.49353718319264
  yaw: -269.65494
  pitch: 1.927168
money: '500.0'
logoutlocation:
  world: world
  x: -136.27846245269507
  y: 97.0
  z: -435.63150894828976
  yaw: -280.50104
  pitch: 35.71732
