lastAccountName: KivancPvpTr
timestamps:
  login: 1580465869568
  logout: 1580465878377
  lastteleport: 1580379659637
ipAddress: 185.9.156.198
lastlocation:
  world: KitEdit
  x: 165.54833029387342
  y: 172.0
  z: -62.99788254226904
  yaw: -90.932
  pitch: 0.16518208
money: '500.0'
logoutlocation:
  world: world
  x: -101.02646802530029
  y: 100.0625
  z: -419.49353718319264
  yaw: -264.66226
  pitch: 2.5311222
