lastAccountName: BugraaK
timestamps:
  login: 1580416018163
  logout: 1580416434041
ipAddress: 185.9.156.198
lastlocation:
  world: world
  x: -101.02646802530029
  y: 100.0625
  z: -419.49353718319264
  yaw: -269.65494
  pitch: 1.927168
logoutlocation:
  world: world
  x: -179.30000001192093
  y: 82.0
  z: -429.30000001192093
  yaw: -50.04358
  pitch: 27.251305
