lastAccountName: HeroZ
timestamps:
  login: 1580538420509
  logout: 1580539344747
ipAddress: 185.9.156.198
lastlocation:
  world: world
  x: -101.02646802530029
  y: 100.0625
  z: -419.49353718319264
  yaw: -269.65494
  pitch: 1.927168
money: '500.0'
logoutlocation:
  world: arena
  x: 274.4092861174085
  y: 76.0
  z: 1627.8294458630467
  yaw: -89.83386
  pitch: -3.150092
