lastAccountName: ahmtkrmtkt
timestamps:
  login: 1580210622945
  logout: 1580210693862
ipAddress: 185.9.156.198
lastlocation:
  world: world
  x: -101.02646802530029
  y: 100.0625
  z: -419.49353718319264
  yaw: -269.65494
  pitch: 1.927168
logoutlocation:
  world: world
  x: -113.43068281245039
  y: 96.0
  z: -419.34382266430634
  yaw: -272.9552
  pitch: 22.327152
