lastAccountName: TomBaLa01
timestamps:
  login: 1543493156670
  logout: 1543493435017
ipAddress: 37.123.99.198
lastlocation:
  world: world
  x: 190.0
  y: 64.0
  z: 335.0
  yaw: 0.0
  pitch: 0.0
money: '100.0'
logoutlocation:
  world: world
  x: -7622.2935659470795
  y: 94.0
  z: -8053.079603376085
  yaw: -89.65207
  pitch: 29.728523
