lastAccountName: yenilmez35
timestamps:
  login: 1580653118753
  logout: 1580654183404
ipAddress: 185.9.156.198
lastlocation:
  world: world
  x: -101.02646802530029
  y: 100.0625
  z: -419.49353718319264
  yaw: -269.65494
  pitch: 1.927168
money: '500.0'
logoutlocation:
  world: world
  x: -118.30056719979575
  y: 96.0
  z: -422.8960968033735
  yaw: -71.88507
  pitch: -12.466061
