lastAccountName: EmirKocaKaya
timestamps:
  login: 1580318333618
  logout: 1580318402340
ipAddress: 185.9.156.198
lastlocation:
  world: world
  x: -101.02646802530029
  y: 100.0625
  z: -419.49353718319264
  yaw: -269.65494
  pitch: 1.927168
logoutlocation:
  world: world
  x: -119.28692832494937
  y: 96.0
  z: -412.4120799583535
  yaw: -41.05478
  pitch: 20.977188
