lastAccountName: UmutN
timestamps:
  login: 1580566159491
  logout: 1580567492509
ipAddress: 185.9.156.198
lastlocation:
  world: world
  x: -101.02646802530029
  y: 100.0625
  z: -419.49353718319264
  yaw: -269.65494
  pitch: 1.927168
money: '500.0'
logoutlocation:
  world: world
  x: -118.95300624907706
  y: 96.0
  z: -418.3504167710003
  yaw: -273.32205
  pitch: 3.813111
