lastAccountName: HalilEnes
timestamps:
  login: 1580829262240
  logout: 1580829398348
  lastteleport: 1580332989446
ipAddress: 185.9.156.198
lastlocation:
  world: arena
  x: -1090.1426715617315
  y: 117.52869029299161
  z: 1798.1381229864712
  yaw: -14.498689
  pitch: 39.98604
money: '500.0'
logoutlocation:
  world: world
  x: -136.98891636175387
  y: 96.0
  z: -418.20204088941716
  yaw: 23.802921
  pitch: 6.1978655
