lastAccountName: cagabn
timestamps:
  login: 1580317925474
  logout: 1580317978557
ipAddress: 185.9.156.198
lastlocation:
  world: world
  x: -101.02646802530029
  y: 100.0625
  z: -419.49353718319264
  yaw: -269.65494
  pitch: 1.927168
logoutlocation:
  world: world
  x: -126.53305151047586
  y: 96.0
  z: -413.8377902644324
  yaw: -87.17145
  pitch: 41.652954
