lastAccountName: Sabdullah
timestamps:
  login: 1543692466874
  logout: 1543692474612
ipAddress: 37.123.99.198
lastlocation:
  world: world
  x: 190.0
  y: 64.0
  z: 335.0
  yaw: 0.0
  pitch: 0.0
logoutlocation:
  world: world
  x: -7699.076287089885
  y: 154.0
  z: -8013.36868195096
  yaw: 219.74089
  pitch: 47.911198
