lastAccountName: xHarpieMC
timestamps:
  login: 1580836804552
  logout: 1580837315814
ipAddress: 185.9.156.198
lastlocation:
  world: world
  x: -101.02646802530029
  y: 100.0625
  z: -419.49353718319264
  yaw: -269.65494
  pitch: 1.927168
logoutlocation:
  world: world
  x: -133.0594283440651
  y: 96.0
  z: -420.87996445591006
  yaw: -298.66406
  pitch: 12.101971
money: '500.0'
