lastAccountName: RiclerGame
timestamps:
  login: 1580472752483
  logout: 1580472951448
ipAddress: 185.9.156.198
lastlocation:
  world: world
  x: -101.02646802530029
  y: 100.0625
  z: -419.49353718319264
  yaw: -269.65494
  pitch: 1.927168
money: '500.0'
logoutlocation:
  world: world
  x: -135.35226840072679
  y: 97.0
  z: -437.5183969688534
  yaw: -293.40488
  pitch: -8.915089
