lastAccountName: zSparox_
timestamps:
  login: 1580407673478
  logout: 1580407695030
ipAddress: 185.9.156.198
lastlocation:
  world: world
  x: -101.02646802530029
  y: 100.0625
  z: -419.49353718319264
  yaw: -269.65494
  pitch: 1.927168
logoutlocation:
  world: world
  x: -123.21361939563388
  y: 96.0
  z: -415.97901553315387
  yaw: -272.855
  pitch: 13.767299
