lastAccountName: anDead
timestamps:
  login: 1580294839691
  logout: 1580295096182
ipAddress: 185.9.156.198
lastlocation:
  world: world
  x: -101.02646802530029
  y: 100.0625
  z: -419.49353718319264
  yaw: -269.65494
  pitch: 1.927168
money: '500.0'
logoutlocation:
  world: world
  x: -126.58002614913882
  y: 96.0
  z: -413.5543517053577
  yaw: -270.83246
  pitch: 11.936825
