lastAccountName: seyit5453
timestamps:
  login: 1580570546329
  logout: 1580571261277
ipAddress: 185.9.156.198
lastlocation:
  world: world
  x: -101.02646802530029
  y: 100.0625
  z: -419.49353718319264
  yaw: -269.65494
  pitch: 1.927168
money: '500.0'
logoutlocation:
  world: world
  x: -119.8980957365984
  y: 96.0
  z: -413.3959801434149
  yaw: -126.4798
  pitch: 5.609902
