lastAccountName: Furkan_Can
timestamps:
  login: 1580245057217
  logout: 1580245547574
ipAddress: 185.9.156.198
lastlocation:
  world: world
  x: -101.02646802530029
  y: 100.0625
  z: -419.49353718319264
  yaw: -269.65494
  pitch: 1.927168
money: '500.0'
logoutlocation:
  world: world
  x: -142.80205083469866
  y: 96.0
  z: -420.9645009304775
  yaw: -341.58344
  pitch: 2.7417958
