lastAccountName: Mert
timestamps:
  login: 1543495873780
  logout: 1543495877407
ipAddress: 37.123.99.198
lastlocation:
  world: world
  x: 190.0
  y: 64.0
  z: 335.0
  yaw: 0.0
  pitch: 0.0
logoutlocation:
  world: world
  x: -7696.948636052484
  y: 153.0
  z: -8015.051273691348
  yaw: -154.30515
  pitch: 38.22956
