lastAccountName: FurkanBoyvat
timestamps:
  login: 1543240785366
  logout: 1543241079098
ipAddress: 37.123.99.198
lastlocation:
  world: world
  x: 190.0
  y: 64.0
  z: 335.0
  yaw: 0.0
  pitch: 0.0
money: '100.0'
logoutlocation:
  world: world
  x: -7687.013855717627
  y: 152.0
  z: -8088.741676742479
  yaw: -7.156596
  pitch: 21.443419
