lastAccountName: Clerish
timestamps:
  login: 1580299536143
  logout: 1580299573974
ipAddress: 185.9.156.198
lastlocation:
  world: world
  x: -101.02646802530029
  y: 100.0625
  z: -419.49353718319264
  yaw: -269.65494
  pitch: 1.927168
logoutlocation:
  world: world
  x: -133.4151035179242
  y: 96.0
  z: -430.6382602598503
  yaw: -5.2051086
  pitch: 8.227164
