lastAccountName: xEasyYT
timestamps:
  login: 1580498481354
  logout: 1580498490167
  lastteleport: 1580230051626
ipAddress: 185.9.156.198
lastlocation:
  world: world
  x: -147.9936976210742
  y: 73.0
  z: -442.69999998807907
  yaw: -79.3269
  pitch: -0.111237705
logoutlocation:
  world: world
  x: -109.21404079266955
  y: 100.0
  z: -419.5158289332286
  yaw: -269.65494
  pitch: 1.927168
money: '500.0'
