lastAccountName: Heavy_Back
timestamps:
  login: 1559833376625
  logout: 1559833481964
ipAddress: 5.197.224.239
lastlocation:
  world: world
  x: -101.02646802530029
  y: 100.0625
  z: -419.49353718319264
  yaw: -269.65494
  pitch: 1.927168
money: '500.0'
logoutlocation:
  world: world
  x: -139.37505522659885
  y: 96.0
  z: -426.44754077977865
  yaw: -260.03638
  pitch: 18.28006
