lastAccountName: OmerReyisS
timestamps:
  login: 1580235180597
  logout: 1580235357902
  lastteleport: 1580232435655
ipAddress: 185.9.156.198
lastlocation:
  world: world
  x: -126.77673850982438
  y: 95.0
  z: -421.608699999416
  yaw: -244.00496
  pitch: 12.127165
logoutlocation:
  world: world
  x: -115.88542346095196
  y: 96.0625
  z: -423.037693504226
  yaw: -83.65521
  pitch: 1.1771653
