lastAccountName: berk14
timestamps:
  login: 1580836780041
  logout: 1580837310775
ipAddress: 185.9.156.198
lastlocation:
  world: world
  x: -101.02646802530029
  y: 100.0625
  z: -419.49353718319264
  yaw: -269.65494
  pitch: 1.927168
logoutlocation:
  world: world
  x: -131.71617126139455
  y: 96.0
  z: -414.1453094834234
  yaw: -112.51801
  pitch: 22.388088
money: '500.0'
