lastAccountName: fummyl9
timestamps:
  login: 1580638018151
  logout: 1580639665852
ipAddress: 185.9.156.198
lastlocation:
  world: world
  x: -101.02646802530029
  y: 100.0625
  z: -419.49353718319264
  yaw: -269.65494
  pitch: 1.927168
money: '500.0'
logoutlocation:
  world: world
  x: -126.56299352376774
  y: 96.0
  z: -414.98168256526463
  yaw: -267.7047
  pitch: -33.32283
