lastAccountName: Dethmagnetic666
timestamps:
  login: 1580294121133
  logout: 1580294511991
ipAddress: 185.9.156.198
lastlocation:
  world: world
  x: -101.02646802530029
  y: 100.0625
  z: -419.49353718319264
  yaw: -269.65494
  pitch: 1.927168
money: '500.0'
logoutlocation:
  world: world
  x: -128.8975500188217
  y: 99.0
  z: -364.7254334067349
  yaw: -1.5052185
  pitch: 11.705762
