lastAccountName: emre_Gamer
timestamps:
  login: 1580380974420
  logout: 1580380979337
ipAddress: 185.9.156.198
lastlocation:
  world: world
  x: -101.02646802530029
  y: 100.0625
  z: -419.49353718319264
  yaw: -269.65494
  pitch: 1.927168
logoutlocation:
  world: world
  x: -107.21234433325368
  y: 100.0625
  z: -419.4820332279843
  yaw: -270.3198
  pitch: 2.3224828
money: '500.0'
