lastAccountName: CTO1
timestamps:
  login: 1580487073996
  logout: 1580487075805
ipAddress: 185.9.156.198
lastlocation:
  world: world
  x: -101.02646802530029
  y: 100.0625
  z: -419.49353718319264
  yaw: -269.65494
  pitch: 1.927168
logoutlocation:
  world: world
  x: -104.62905240398648
  y: 100.0
  z: -419.501997360847
  yaw: -269.19342
  pitch: 1.927168
money: '500.0'
