lastAccountName: DeaDMuzSekerAFK
timestamps:
  login: 1580372408470
  logout: 1580373743085
ipAddress: 185.9.156.198
lastlocation:
  world: world
  x: -101.02646802530029
  y: 100.0625
  z: -419.49353718319264
  yaw: -269.65494
  pitch: 1.927168
money: '500.0'
logoutlocation:
  world: world
  x: -130.76989747724824
  y: 97.0
  z: -441.0451371836897
  yaw: -347.35712
  pitch: 11.827121
