lastAccountName: NaviSky
timestamps:
  login: 1580411705731
  logout: 1580411717857
ipAddress: 185.9.156.198
lastlocation:
  world: world
  x: -101.02646802530029
  y: 100.0625
  z: -419.49353718319264
  yaw: -269.65494
  pitch: 1.927168
logoutlocation:
  world: world
  x: -110.69836366209977
  y: 96.0
  z: -428.5632865936738
  yaw: -142.26593
  pitch: 8.622418
