lastAccountName: MUSABTKD
timestamps:
  login: 1580409564115
  logout: 1580409669623
ipAddress: 185.9.156.198
lastlocation:
  world: world
  x: -101.02646802530029
  y: 100.0625
  z: -419.49353718319264
  yaw: -269.65494
  pitch: 1.927168
money: '500.0'
logoutlocation:
  world: world
  x: -97.79016112611957
  y: 100.0
  z: -417.42424888410744
  yaw: 111.644714
  pitch: 2.9772105
