lastAccountName: HzFirona_
timestamps:
  login: 1580474089106
  logout: 1580474147291
ipAddress: 185.9.156.198
lastlocation:
  world: world
  x: -101.02646802530029
  y: 100.0625
  z: -419.49353718319264
  yaw: -269.65494
  pitch: 1.927168
logoutlocation:
  world: world
  x: -121.67754643727592
  y: 96.0
  z: -420.82308347940193
  yaw: -249.85645
  pitch: 15.396047
money: '500.0'
