lastAccountName: Preston_MC
timestamps:
  login: 1580907692381
  logout: 1580907669167
  lastteleport: 1580906738740
ipAddress: 185.9.156.198
lastlocation:
  world: world
  x: -105.37949698173078
  y: 100.0
  z: -422.9471330459899
  yaw: -313.1548
  pitch: 6.8771796
money: '500.0'
logoutlocation:
  world: world
  x: -101.02646802530029
  y: 100.0625
  z: -419.49353718319264
  yaw: -269.65494
  pitch: 1.927168
