lastAccountName: 1_dollar_
timestamps:
  login: 1580216422495
  logout: 1580217667125
ipAddress: 185.9.156.198
lastlocation:
  world: world
  x: -101.02646802530029
  y: 100.0625
  z: -419.49353718319264
  yaw: -269.65494
  pitch: 1.927168
money: '500.0'
logoutlocation:
  world: world
  x: -102.31994252235124
  y: 100.0
  z: -419.4178332896665
  yaw: -284.93048
  pitch: 43.641087
