lastAccountName: __DARK_KinG
timestamps:
  login: 1580493016190
  logout: 1580493123217
ipAddress: 185.9.156.198
lastlocation:
  world: world
  x: -142.7115886022199
  y: 97.0
  z: -404.5462471386881
  yaw: 71.8833
  pitch: 7.2883654
logoutlocation:
  world: world
  x: -114.0491004898577
  y: 96.0
  z: -426.2925358320982
  yaw: -208.58167
  pitch: 9.026204
money: '500.0'
