lastAccountName: iToxX_
timestamps:
  login: 1580332520114
  logout: 1580332575364
ipAddress: 185.9.156.198
lastlocation:
  world: world
  x: -101.02646802530029
  y: 100.0625
  z: -419.49353718319264
  yaw: -269.65494
  pitch: 1.927168
money: '500.0'
logoutlocation:
  world: world
  x: -98.80383348490427
  y: 98.0
  z: -435.00881359104534
  yaw: 82.11401
  pitch: 20.512764
