lastAccountName: BagatDj
timestamps:
  login: 1580494386617
  logout: 1580495708155
  lastteleport: 1580494465261
ipAddress: 185.9.156.198
lastlocation:
  world: world
  x: -125.89190364832655
  y: 96.0
  z: -425.76571986770745
  yaw: -79.14371
  pitch: -0.89199066
money: '500.0'
logoutlocation:
  world: world
  x: -163.75249540813414
  y: 81.0
  z: -430.5436148660364
  yaw: -240.10817
  pitch: 40.77722
