lastAccountName: FinaLEX
timestamps:
  login: 1580211438671
  logout: 1580211507203
ipAddress: 185.9.156.198
lastlocation:
  world: world
  x: -101.02646802530029
  y: 100.0625
  z: -419.49353718319264
  yaw: -269.65494
  pitch: 1.927168
logoutlocation:
  world: world
  x: -115.62781017996826
  y: 96.0
  z: -418.31864524125064
  yaw: -111.43002
  pitch: 9.972926
