lastAccountName: perfeect
timestamps:
  login: 1580471718851
  logout: 1580472322469
ipAddress: 185.9.156.198
lastlocation:
  world: world
  x: -101.02646802530029
  y: 100.0625
  z: -419.49353718319264
  yaw: -269.65494
  pitch: 1.927168
money: '500.0'
logoutlocation:
  world: world
  x: -108.0076023640581
  y: 100.0625
  z: -420.0393936775208
  yaw: -82.674194
  pitch: 14.983054
