lastAccountName: Vus4L_
timestamps:
  login: 1580669144462
  logout: 1580669216268
ipAddress: 185.9.156.198
lastlocation:
  world: world
  x: -101.02646802530029
  y: 100.0625
  z: -419.49353718319264
  yaw: -269.65494
  pitch: 1.927168
logoutlocation:
  world: world
  x: -101.38791380468362
  y: 100.0625
  z: -419.23884329523486
  yaw: 29.053814
  pitch: 18.407814
