lastAccountName: AliKeremPvP
timestamps:
  login: 1580221542049
  logout: 1580222327803
ipAddress: 185.9.156.198
lastlocation:
  world: world
  x: -101.02646802530029
  y: 100.0625
  z: -419.49353718319264
  yaw: -269.65494
  pitch: 1.927168
money: '500.0'
logoutlocation:
  world: world
  x: -120.7945957549583
  y: 96.0
  z: -420.5949871061809
  yaw: -272.19067
  pitch: 10.8021145
