lastAccountName: KillerFire45
timestamps:
  login: 1580498562931
  logout: 1580498570620
ipAddress: 185.9.156.198
lastlocation:
  world: world
  x: -101.02646802530029
  y: 100.0625
  z: -419.49353718319264
  yaw: -269.65494
  pitch: 1.927168
logoutlocation:
  world: world
  x: -106.39662203592056
  y: 100.0625
  z: -419.14291199755206
  yaw: -259.30493
  pitch: 13.177166
