lastAccountName: yenilmezpehlivan
timestamps:
  login: 1580294343617
  logout: 1580294405091
ipAddress: 185.9.156.198
lastlocation:
  world: world
  x: -101.02646802530029
  y: 100.0625
  z: -419.49353718319264
  yaw: -269.65494
  pitch: 1.927168
money: '500.0'
logoutlocation:
  world: world
  x: -126.12478083642233
  y: 95.0
  z: -421.69999998807907
  yaw: -214.33665
  pitch: 15.473139
