lastAccountName: Vakvakiyye
timestamps:
  login: 1580629688310
  logout: 1580630230333
ipAddress: 185.9.156.198
lastlocation:
  world: world
  x: -101.02646802530029
  y: 100.0625
  z: -419.49353718319264
  yaw: -269.65494
  pitch: 1.927168
money: '500.0'
logoutlocation:
  world: world
  x: -135.42723155033903
  y: 97.0
  z: -436.2796043733116
  yaw: -248.44812
  pitch: 36.28979
