lastAccountName: 711mikey
timestamps:
  login: 1580215624237
  logout: 1580216550437
ipAddress: 185.9.156.198
lastlocation:
  world: world
  x: -101.02646802530029
  y: 100.0625
  z: -419.49353718319264
  yaw: -269.65494
  pitch: 1.927168
money: '500.0'
logoutlocation:
  world: world
  x: -139.40672175179475
  y: 96.0
  z: -423.47458670688405
  yaw: -266.42642
  pitch: 3.7977881
