lastAccountName: EmreKles04
timestamps:
  login: 1580287406842
  logout: 1580287733906
ipAddress: 185.9.156.198
logoutlocation:
  world: arena
  x: -1.7026604479754393
  y: 105.0
  z: 1672.7914159015354
  yaw: 234.49878
  pitch: 14.215362
money: '500.0'
