lastAccountName: yahyaefe54546161
timestamps:
  login: 1580577675835
  logout: 1580578094293
  lastteleport: 1580493030953
ipAddress: 185.9.156.198
lastlocation:
  world: world
  x: -107.33762110623167
  y: 100.0
  z: -418.4892053363728
  yaw: -271.6049
  pitch: 15.877173
money: '500.0'
logoutlocation:
  world: world
  x: -107.03174675828997
  y: 100.0625
  z: -419.2955294341469
  yaw: -104.80498
  pitch: -16.67283
