lastAccountName: SeyyidAliTR
timestamps:
  login: 1580297278111
  logout: 1580297389123
ipAddress: 185.9.156.198
lastlocation:
  world: world
  x: -101.02646802530029
  y: 100.0625
  z: -419.49353718319264
  yaw: -269.65494
  pitch: 1.927168
money: '500.0'
logoutlocation:
  world: world
  x: -119.13700670954513
  y: 96.0
  z: -417.03653648827253
  yaw: -268.2369
  pitch: 12.094948
