lastAccountName: kunanta
timestamps:
  login: 1580292686269
  logout: 1580292901211
ipAddress: 185.9.156.198
lastlocation:
  world: world
  x: -101.02646802530029
  y: 100.0625
  z: -419.49353718319264
  yaw: -269.65494
  pitch: 1.927168
money: '500.0'
logoutlocation:
  world: world
  x: -112.24631849093767
  y: 96.0
  z: -420.35133467907497
  yaw: -57.17698
  pitch: 20.182285
