lastAccountName: Nekiorr
timestamps:
  login: 1580245324373
  logout: 1580245428187
ipAddress: 185.9.156.198
lastlocation:
  world: world
  x: -101.02646802530029
  y: 100.0625
  z: -419.49353718319264
  yaw: -269.65494
  pitch: 1.927168
money: '500.0'
logoutlocation:
  world: world
  x: -126.75101001362066
  y: 96.0
  z: -427.3396310239002
  yaw: -218.8742
  pitch: 6.7983794
