lastAccountName: alverdine
timestamps:
  login: 1580651151829
  logout: 1580651282356
ipAddress: 185.9.156.198
lastlocation:
  world: world
  x: -101.02646802530029
  y: 100.0625
  z: -419.49353718319264
  yaw: -269.65494
  pitch: 1.927168
money: '500.0'
logoutlocation:
  world: world
  x: -114.96291622686711
  y: 101.0
  z: -402.56051628479975
  yaw: -191.27586
  pitch: 31.17308
