lastAccountName: pro_emre
timestamps:
  login: 1580634510320
  logout: 1580634524829
ipAddress: 185.9.156.198
lastlocation:
  world: world
  x: -101.02646802530029
  y: 100.0625
  z: -419.49353718319264
  yaw: -269.65494
  pitch: 1.927168
money: '500.0'
logoutlocation:
  world: world
  x: -136.1961343455094
  y: 96.0
  z: -414.07042738198936
  yaw: -285.01505
  pitch: 45.549572
