lastAccountName: HzChroma
timestamps:
  login: 1580479542551
  logout: 1580480063152
ipAddress: 185.9.156.198
lastlocation:
  world: world
  x: -101.02646802530029
  y: 100.0625
  z: -419.49353718319264
  yaw: -269.65494
  pitch: 1.927168
money: '500.0'
logoutlocation:
  world: world
  x: -104.15852549337795
  y: 100.0625
  z: -421.5961666903136
  yaw: -269.65494
  pitch: 1.998569
