lastAccountName: yunusemre1484
timestamps:
  login: 1580215819453
  logout: 1580216001892
ipAddress: 185.9.156.198
lastlocation:
  world: world
  x: -101.02646802530029
  y: 100.0625
  z: -419.49353718319264
  yaw: -269.65494
  pitch: 1.927168
money: '500.0'
logoutlocation:
  world: world
  x: -111.56259446534395
  y: 96.0
  z: -430.1390315918478
  yaw: -301.45474
  pitch: 35.677162
