lastAccountName: BlackPro
timestamps:
  login: 1580361144074
  logout: 1580361225241
ipAddress: 185.9.156.198
lastlocation:
  world: world
  x: -101.02646802530029
  y: 100.0625
  z: -419.49353718319264
  yaw: -269.65494
  pitch: 1.927168
logoutlocation:
  world: world
  x: -133.20086942183454
  y: 97.0
  z: -435.478415092945
  yaw: -310.70578
  pitch: 17.10554
