lastAccountName: xX_skinnex_Xx
timestamps:
  login: 1580484094419
  logout: 1580484115090
ipAddress: 185.9.156.198
lastlocation:
  world: world
  x: -101.02646802530029
  y: 100.0625
  z: -419.49353718319264
  yaw: -269.65494
  pitch: 1.927168
logoutlocation:
  world: world
  x: -138.96396972837397
  y: 96.0
  z: -409.54018802631214
  yaw: -157.905
  pitch: 8.527168
