lastAccountName: mehmetcano
timestamps:
  login: 1580317415675
  logout: 1580317527441
ipAddress: 185.9.156.198
lastlocation:
  world: world
  x: -101.02646802530029
  y: 100.0625
  z: -419.49353718319264
  yaw: -269.65494
  pitch: 1.927168
money: '500.0'
logoutlocation:
  world: world
  x: -130.69999998807907
  y: 95.0
  z: -415.30000001192093
  yaw: -338.3141
  pitch: 19.563139
