lastAccountName: Miha5
timestamps:
  login: 1580318226549
  logout: 1580318475258
ipAddress: 185.9.156.198
lastlocation:
  world: world
  x: -101.02646802530029
  y: 100.0625
  z: -419.49353718319264
  yaw: -269.65494
  pitch: 1.927168
money: '500.0'
logoutlocation:
  world: world
  x: -109.65145997553286
  y: 100.0
  z: -419.54119714354243
  yaw: -90.25485
  pitch: 3.577168
