lastAccountName: ImXKiller9_YT
timestamps:
  login: 1580829747508
  logout: 1580829913318
ipAddress: 185.9.156.198
lastlocation:
  world: world
  x: -101.02646802530029
  y: 100.0625
  z: -419.49353718319264
  yaw: -269.65494
  pitch: 1.927168
logoutlocation:
  world: world
  x: -102.37726024992118
  y: 100.0
  z: -419.4973846705799
  yaw: -269.06735
  pitch: 8.255149
money: '500.0'
