lastAccountName: xVevoTRBurakx
timestamps:
  login: 1580755135820
  logout: 1580756305208
ipAddress: 185.9.156.198
lastlocation:
  world: world
  x: -101.02646802530029
  y: 100.0625
  z: -419.49353718319264
  yaw: -269.65494
  pitch: 1.927168
money: '500.0'
logoutlocation:
  world: world
  x: -105.31992307440962
  y: 100.0
  z: -418.7054850892405
  yaw: -285.2421
  pitch: 14.41068
