lastAccountName: dimanoid
timestamps:
  login: 1580901666246
  logout: 1580901699297
ipAddress: 185.9.156.198
lastlocation:
  world: world
  x: -101.02646802530029
  y: 100.0625
  z: -419.49353718319264
  yaw: -269.65494
  pitch: 1.927168
money: '500.0'
logoutlocation:
  world: world
  x: -141.33686518211135
  y: 97.0
  z: -407.8855947011622
  yaw: -129.03442
  pitch: 27.653515
