lastAccountName: pixp
timestamps:
  login: 1580318220267
  logout: 1580318402340
ipAddress: 185.9.156.198
lastlocation:
  world: world
  x: -101.02646802530029
  y: 100.0625
  z: -419.49353718319264
  yaw: -269.65494
  pitch: 1.927168
logoutlocation:
  world: world
  x: -112.38876411837057
  y: 96.0
  z: -424.6174977177073
  yaw: 34.60213
  pitch: 4.940097
money: '500.0'
