lastAccountName: Keuuz
timestamps:
  login: 1580460905022
  logout: 1580463175046
ipAddress: 185.9.156.198
lastlocation:
  world: world
  x: -101.02646802530029
  y: 100.0625
  z: -419.49353718319264
  yaw: -269.65494
  pitch: 1.927168
logoutlocation:
  world: world
  x: -128.10621329179676
  y: 96.0
  z: -411.6193093895043
  yaw: -286.09406
  pitch: 2.711818
money: '500.0'
