lastAccountName: X_Slayer_X
timestamps:
  login: 1580230024952
  logout: 1580230790280
ipAddress: 185.9.156.198
lastlocation:
  world: world
  x: -101.02646802530029
  y: 100.0625
  z: -419.49353718319264
  yaw: -269.65494
  pitch: 1.927168
money: '500.0'
logoutlocation:
  world: world
  x: -133.3359536860795
  y: 96.0625
  z: -429.0922846023043
  yaw: -17.949158
  pitch: 11.302453
