lastAccountName: MertoPasa21
timestamps:
  login: 1580564966982
  logout: 1580565071920
  lastteleport: 1580495046743
ipAddress: 185.9.156.198
lastlocation:
  world: world
  x: -141.1371345241226
  y: 96.0
  z: -414.5188988625995
  yaw: -96.30127
  pitch: 15.509383
money: '500.0'
logoutlocation:
  world: world
  x: -110.9391526510544
  y: 100.0
  z: -420.6019402591345
  yaw: -267.28696
  pitch: 4.9746814
