lastAccountName: iArdaWinnerYTB
timestamps:
  login: 1580336169732
  logout: 1580336427937
ipAddress: 185.9.156.198
lastlocation:
  world: world
  x: -101.02646802530029
  y: 100.0625
  z: -419.49353718319264
  yaw: -269.65494
  pitch: 1.927168
money: '500.0'
logoutlocation:
  world: arena
  x: -1090.7785065315004
  y: 111.0
  z: 1775.0888887412334
  yaw: -187.4978
  pitch: 2.932678
