lastAccountName: fatihkerem
timestamps:
  login: 1580305113676
  logout: 1580305126874
ipAddress: 185.9.156.198
lastlocation:
  world: world
  x: -101.02646802530029
  y: 100.0625
  z: -419.49353718319264
  yaw: -269.65494
  pitch: 1.927168
logoutlocation:
  world: world
  x: -131.5409745337794
  y: 97.0
  z: -437.0521791191283
  yaw: -351.43582
  pitch: 9.490641
