lastAccountName: AhmetStyleTR
timestamps:
  login: 1543415836339
  logout: 1543415839323
ipAddress: 37.123.99.198
lastlocation:
  world: world
  x: 190.0
  y: 64.0
  z: 335.0
  yaw: 0.0
  pitch: 0.0
logoutlocation:
  world: world
  x: -7689.566745000006
  y: 152.0
  z: -8017.304613040663
  yaw: 266.7918
  pitch: 3.411957
