lastAccountName: zAliStrqfe_
timestamps:
  login: 1580469271633
  logout: 1580470271680
ipAddress: 185.9.156.198
lastlocation:
  world: world
  x: -101.02646802530029
  y: 100.0625
  z: -419.49353718319264
  yaw: -269.65494
  pitch: 1.927168
money: '500.0'
logoutlocation:
  world: world
  x: -115.97892728366267
  y: 96.0625
  z: -424.182573135811
  yaw: -257.02002
  pitch: 7.055975
