lastAccountName: PopyCoki
timestamps:
  login: 1580569719659
  logout: 1580570480093
ipAddress: 185.9.156.198
lastlocation:
  world: world
  x: -101.02646802530029
  y: 100.0625
  z: -419.49353718319264
  yaw: -269.65494
  pitch: 1.927168
money: '500.0'
logoutlocation:
  world: world
  x: -176.14674203039803
  y: 81.0
  z: -432.03127026741686
  yaw: -9.307983
  pitch: 21.143486
