lastAccountName: kralburda47
timestamps:
  login: 1580122229177
  logout: 1580123007370
ipAddress: 185.9.156.198
lastlocation:
  world: world
  x: -101.02646802530029
  y: 100.0625
  z: -419.49353718319264
  yaw: -269.65494
  pitch: 1.927168
money: '500.0'
logoutlocation:
  world: arena
  x: -4.552335888259885
  y: 105.0
  z: 1680.3421179751551
  yaw: -140.4997
  pitch: 19.499994
