lastAccountName: LilBahiscimiz
timestamps:
  login: 1583524641904
  logout: 1583524646922
ipAddress: 78.167.0.43
lastlocation:
  world: world
  x: -101.02646802530029
  y: 100.0625
  z: -419.49353718319264
  yaw: -269.65494
  pitch: 1.927168
logoutlocation:
  world: world
  x: -108.49613070851504
  y: 100.0
  z: -419.50116209459895
  yaw: -268.58392
  pitch: -1.107374
