lastAccountName: Aze_Musa
timestamps:
  login: 1580414991004
  logout: 1580415122839
ipAddress: 185.9.156.198
lastlocation:
  world: world
  x: -101.02646802530029
  y: 100.0625
  z: -419.49353718319264
  yaw: -269.65494
  pitch: 1.927168
logoutlocation:
  world: world
  x: -91.60136202090692
  y: 100.0
  z: -423.3102770436527
  yaw: -200.65479
  pitch: 79.95
