lastAccountName: KeremEO
timestamps:
  login: 1543174194854
  logout: 1543174923362
ipAddress: 37.123.99.198
lastlocation:
  world: world
  x: 190.0
  y: 64.0
  z: 335.0
  yaw: 0.0
  pitch: 0.0
money: '100.0'
logoutlocation:
  world: world
  x: -7576.368635917503
  y: 87.0
  z: -8041.204983911552
  yaw: 299.9878
  pitch: 55.50002
