lastAccountName: HzHackerHz
timestamps:
  login: 1580381885888
  logout: 1580383438698
ipAddress: 185.9.156.198
lastlocation:
  world: world
  x: -101.02646802530029
  y: 100.0625
  z: -419.49353718319264
  yaw: -269.65494
  pitch: 1.927168
logoutlocation:
  world: world
  x: -127.0553518663761
  y: 96.0
  z: -426.2644337331193
  yaw: -76.10419
  pitch: 9.094086
money: '500.0'
