lastAccountName: iAknStrafe
timestamps:
  login: 1580396919444
  logout: 1580396925263
ipAddress: 185.9.156.198
lastlocation:
  world: world
  x: -101.02646802530029
  y: 100.0625
  z: -419.49353718319264
  yaw: -269.65494
  pitch: 1.927168
logoutlocation:
  world: world
  x: -101.02646802530029
  y: 100.0625
  z: -419.49353718319264
  yaw: -267.98544
  pitch: 3.9305606
