lastAccountName: PvpIsDead
timestamps:
  login: 1580237973376
  logout: 1580238170710
ipAddress: 185.9.156.198
lastlocation:
  world: world
  x: -101.02646802530029
  y: 100.0625
  z: -419.49353718319264
  yaw: -269.65494
  pitch: 1.927168
money: '500.0'
logoutlocation:
  world: arena
  x: 258.9543923800634
  y: 76.0
  z: 1654.527969316373
  yaw: -101.78641
  pitch: 33.649807
