lastAccountName: _OttomanWarrior_
timestamps:
  login: 1580558806535
  logout: 1580558816477
  lastteleport: 1580494533055
ipAddress: 185.9.156.198
lastlocation:
  world: world
  x: -146.54244216160834
  y: 97.0
  z: -413.2174697150199
  yaw: 241.24512
  pitch: 27.727144
money: '500.0'
logoutlocation:
  world: world
  x: -121.37273620114904
  y: 96.0
  z: -424.16858060091096
  yaw: -243.85501
  pitch: 3.2771676
