lastAccountName: AHMET8754
timestamps:
  login: 1583512530657
  logout: 1583512531799
ipAddress: 78.190.177.207
lastlocation:
  world: world
  x: -101.02646802530029
  y: 100.0625
  z: -419.49353718319264
  yaw: -269.65494
  pitch: 1.927168
logoutlocation:
  world: world
  x: -101.5
  y: 100.0
  z: -419.5
  yaw: -269.65494
  pitch: 1.927168
