lastAccountName: Chrlxq
timestamps:
  login: 1580646215330
  logout: 1580646224718
ipAddress: 185.9.156.198
lastlocation:
  world: world
  x: -101.02646802530029
  y: 100.0625
  z: -419.49353718319264
  yaw: -269.65494
  pitch: 1.927168
money: '500.0'
logoutlocation:
  world: world
  x: -128.82691282996439
  y: 96.0
  z: -424.62203239629457
  yaw: -204.51007
  pitch: 13.231219
