lastAccountName: Inemafoo
timestamps:
  login: 1580382349619
  logout: 1580382561468
ipAddress: 185.9.156.198
lastlocation:
  world: world
  x: -101.02646802530029
  y: 100.0625
  z: -419.49353718319264
  yaw: -269.65494
  pitch: 1.927168
money: '500.0'
logoutlocation:
  world: arena
  x: -297.16781503030904
  y: 87.7531999805212
  z: 1810.7199519919507
  yaw: -240.91418
  pitch: 22.310291
