lastAccountName: furkan
timestamps:
  login: 1580484379798
  logout: 1580484392488
ipAddress: 185.9.156.198
lastlocation:
  world: world
  x: -101.02646802530029
  y: 100.0625
  z: -419.49353718319264
  yaw: -269.65494
  pitch: 1.927168
logoutlocation:
  world: world
  x: -113.19139202261364
  y: 96.0
  z: -429.1348135209871
  yaw: -257.65494
  pitch: 7.477168
