lastAccountName: TruPa_Shadow
timestamps:
  login: 1583524502923
  logout: 1583524559092
  lastteleport: 1583515284900
ipAddress: 78.160.207.187
lastlocation:
  world: world
  x: -111.12805424985814
  y: 100.0
  z: -420.8245398334441
  yaw: -268.9871
  pitch: 7.237817
logoutlocation:
  world: world
  x: -109.1333688741355
  y: 100.0
  z: -419.4813558548159
  yaw: -270.6205
  pitch: 3.0306823
