lastAccountName: andrewfunman11
timestamps:
  login: 1580585720371
  logout: 1580588465507
ipAddress: 185.9.156.198
lastlocation:
  world: world
  x: -101.02646802530029
  y: 100.0625
  z: -419.49353718319264
  yaw: -269.65494
  pitch: 1.927168
money: '500.0'
logoutlocation:
  world: world
  x: -118.90317286660962
  y: 96.0
  z: -426.58364030673505
  yaw: 61.626804
  pitch: 32.19513
