lastAccountName: Hychon
timestamps:
  login: 1580462320015
  logout: 1580462324533
ipAddress: 185.9.156.198
lastlocation:
  world: world
  x: -101.02646802530029
  y: 100.0625
  z: -419.49353718319264
  yaw: -269.65494
  pitch: 1.927168
logoutlocation:
  world: world
  x: -104.5954226263893
  y: 101.0
  z: -410.30000001192093
  yaw: -357.2219
  pitch: 9.340233
