lastAccountName: Emirhan2853
timestamps:
  login: 1580399345355
  logout: 1580400281740
ipAddress: 185.9.156.198
lastlocation:
  world: world
  x: -101.02646802530029
  y: 100.0625
  z: -419.49353718319264
  yaw: -269.65494
  pitch: 1.927168
money: '500.0'
logoutlocation:
  world: world
  x: -165.12396951892995
  y: 92.0
  z: -408.7341281750019
  yaw: -331.62076
  pitch: 28.456745
