lastAccountName: ArdagYT
timestamps:
  login: 1580310847468
  logout: 1580311021568
ipAddress: 185.9.156.198
lastlocation:
  world: world
  x: -101.02646802530029
  y: 100.0625
  z: -419.49353718319264
  yaw: -269.65494
  pitch: 1.927168
money: '500.0'
logoutlocation:
  world: world
  x: -130.57563040044798
  y: 96.0
  z: -411.2071328631736
  yaw: 12.831401
  pitch: 38.38766
