lastAccountName: ItzEmirR3KT
timestamps:
  login: 1580463705889
  logout: 1580464709925
ipAddress: 185.9.156.198
lastlocation:
  world: world
  x: -101.02646802530029
  y: 100.0625
  z: -419.49353718319264
  yaw: -269.65494
  pitch: 1.927168
money: '500.0'
logoutlocation:
  world: world
  x: -134.1722170801368
  y: 96.0
  z: -419.6787182352737
  yaw: -273.20593
  pitch: 2.86164
