lastlocation:
  world: world
  x: -101.02646802530029
  y: 100.0625
  z: -419.49353718319264
  yaw: -269.65494
  pitch: 1.927168
lastAccountName: ardaok5
timestamps:
  login: 1580229513292
  logout: 1580229907693
ipAddress: 185.9.156.198
money: '500.0'
logoutlocation:
  world: world
  x: -115.35464667387429
  y: 96.0
  z: -419.56584211449047
  yaw: -176.15005
  pitch: 20.000807
