lastAccountName: zTheStrqfe
timestamps:
  login: 1580210988450
  logout: 1580211414106
ipAddress: 185.9.156.198
lastlocation:
  world: world
  x: -101.02646802530029
  y: 100.0625
  z: -419.49353718319264
  yaw: -269.65494
  pitch: 1.927168
money: '500.0'
logoutlocation:
  world: world
  x: -133.44175625449964
  y: 97.1707870772188
  z: -417.1735597347659
  yaw: -78.32307
  pitch: 6.857346
