lastAccountName: HasanBasan
timestamps:
  login: 1562841107713
  logout: 1562840529966
ipAddress: 127.0.0.1
lastlocation:
  world: world
  x: -101.02646802530029
  y: 100.0625
  z: -419.49353718319264
  yaw: -269.65494
  pitch: 1.927168
logoutlocation:
  world: world
  x: -101.5
  y: 100.0
  z: -419.5
  yaw: -259.4819
  pitch: 4.093648
