lastAccountName: Judgment_Dragon
timestamps:
  login: 1580468552932
  logout: 1580468876507
ipAddress: 185.9.156.198
lastlocation:
  world: world
  x: -101.02646802530029
  y: 100.0625
  z: -419.49353718319264
  yaw: -269.65494
  pitch: 1.927168
money: '500.0'
logoutlocation:
  world: world
  x: -126.24974478930311
  y: 96.0
  z: -430.28339924008066
  yaw: -287.5056
  pitch: 3.5771163
