lastAccountName: SelamBayDoctor
timestamps:
  login: 1580753505263
  logout: 1580754640096
ipAddress: 185.9.156.198
lastlocation:
  world: world
  x: -101.02646802530029
  y: 100.0625
  z: -419.49353718319264
  yaw: -269.65494
  pitch: 1.927168
money: '500.0'
logoutlocation:
  world: world
  x: -88.30000001192093
  y: 100.0
  z: -417.30000001192093
  yaw: -192.25496
  pitch: 53.077183
