lastAccountName: Joonquae
timestamps:
  login: 1580318352217
  logout: 1580318404891
ipAddress: 185.9.156.198
lastlocation:
  world: world
  x: -101.02646802530029
  y: 100.0625
  z: -419.49353718319264
  yaw: -269.65494
  pitch: 1.927168
logoutlocation:
  world: world
  x: -131.43931562398475
  y: 96.0
  z: -428.140027284952
  yaw: -248.48865
  pitch: 21.963888
money: '500.0'
