lastAccountName: GENCGMR
timestamps:
  login: 1580468837560
  logout: 1580469596068
ipAddress: 185.9.156.198
lastlocation:
  world: world
  x: -101.02646802530029
  y: 100.0625
  z: -419.49353718319264
  yaw: -269.65494
  pitch: 1.927168
money: '500.0'
logoutlocation:
  world: world
  x: -106.96372212786386
  y: 100.0625
  z: -419.5056063272169
  yaw: -269.65494
  pitch: 1.927168
