lastAccountName: Yannickundso
timestamps:
  login: 1580583247758
  logout: 1580583525299
ipAddress: 185.9.156.198
lastlocation:
  world: world
  x: -101.02646802530029
  y: 100.0625
  z: -419.49353718319264
  yaw: -269.65494
  pitch: 1.927168
money: '500.0'
logoutlocation:
  world: world
  x: -134.31763264919044
  y: 97.0
  z: -444.15213584328137
  yaw: -146.59569
  pitch: 35.80378
