lastAccountName: Osmqplayer
timestamps:
  login: 1580399783178
  logout: 1580400385947
ipAddress: 185.9.156.198
lastlocation:
  world: world
  x: -101.02646802530029
  y: 100.0625
  z: -419.49353718319264
  yaw: -269.65494
  pitch: 1.927168
logoutlocation:
  world: world
  x: -133.1547458306468
  y: 96.0
  z: -413.71972599330894
  yaw: -283.30478
  pitch: 19.777178
money: '500.0'
