lastAccountName: tytytyty
timestamps:
  login: 1580314892484
  logout: 1580314927151
ipAddress: 185.9.156.198
lastlocation:
  world: world
  x: -101.02646802530029
  y: 100.0625
  z: -419.49353718319264
  yaw: -269.65494
  pitch: 1.927168
money: '500.0'
logoutlocation:
  world: world
  x: -120.49719792063708
  y: 96.0
  z: -418.639024727402
  yaw: -273.85474
  pitch: 14.527164
