lastAccountName: Crazy_Ninja1_YT
timestamps:
  login: 1580724876157
  logout: 1580726042344
ipAddress: 185.9.156.198
lastlocation:
  world: world
  x: -101.02646802530029
  y: 100.0625
  z: -419.49353718319264
  yaw: -269.65494
  pitch: 1.927168
money: '500.0'
logoutlocation:
  world: world
  x: -143.57499998807907
  y: 96.0
  z: -420.5650586282927
  yaw: -247.29395
  pitch: 18.254192
