lastAccountName: Starfall_Plays
timestamps:
  login: 1580409153377
  logout: 1580409200992
ipAddress: 185.9.156.198
lastlocation:
  world: world
  x: -101.02646802530029
  y: 100.0625
  z: -419.49353718319264
  yaw: -269.65494
  pitch: 1.927168
money: '500.0'
logoutlocation:
  world: world
  x: -129.20468784943108
  y: 96.0
  z: -422.52804459608416
  yaw: -228.55627
  pitch: 10.477181
