lastAccountName: Doodillyfun2345
timestamps:
  login: 1580224465517
  logout: 1580224756349
ipAddress: 185.9.156.198
lastlocation:
  world: world
  x: -101.02646802530029
  y: 100.0625
  z: -419.49353718319264
  yaw: -269.65494
  pitch: 1.927168
money: '500.0'
logoutlocation:
  world: world
  x: -140.27638926037488
  y: 96.5
  z: -409.06767556091995
  yaw: -14.432394
  pitch: 11.489973
