lastAccountName: MesutErdogdu_YT
timestamps:
  login: 1580745588820
  logout: 1580746294738
ipAddress: 185.9.156.198
lastlocation:
  world: world
  x: -101.02646802530029
  y: 100.0625
  z: -419.49353718319264
  yaw: -269.65494
  pitch: 1.927168
logoutlocation:
  world: world
  x: -143.527449290891
  y: 97.0
  z: -410.7846952414368
  yaw: -326.0657
  pitch: 3.804395
money: '500.0'
