lastAccountName: MoodyBey
timestamps:
  login: 1580628158336
  logout: 1580629188772
ipAddress: 185.9.156.198
lastlocation:
  world: world
  x: -101.02646802530029
  y: 100.0625
  z: -419.49353718319264
  yaw: -269.65494
  pitch: 1.927168
logoutlocation:
  world: world
  x: -135.5518603157504
  y: 96.0
  z: -420.7871761388625
  yaw: 31.995085
  pitch: 41.37717
