lastAccountName: GhostHunter570
timestamps:
  login: 1580473769285
  logout: 1580473973914
ipAddress: 185.9.156.198
lastlocation:
  world: world
  x: -101.02646802530029
  y: 100.0625
  z: -419.49353718319264
  yaw: -269.65494
  pitch: 1.927168
money: '500.0'
logoutlocation:
  world: world
  x: -102.39743793562546
  y: 100.0
  z: -419.69094315752824
  yaw: -256.50024
  pitch: 23.7713
