lastAccountName: iBersunStrqfe
timestamps:
  login: 1580472726413
  logout: 1580473073038
ipAddress: 185.9.156.198
lastlocation:
  world: world
  x: -101.02646802530029
  y: 100.0625
  z: -419.49353718319264
  yaw: -269.65494
  pitch: 1.927168
money: '500.0'
logoutlocation:
  world: world
  x: -133.56309076405404
  y: 97.0
  z: -434.2281362493857
  yaw: -93.18909
  pitch: 40.66649
