lastAccountName: SaffanSN
timestamps:
  login: 1548867360897
ipAddress: 192.168.1.103
lastlocation:
  world: world
  x: -101.02646802530029
  y: 100.0625
  z: -419.49353718319264
  yaw: -269.65494
  pitch: 1.927168
