lastAccountName: RektNoobu
timestamps:
  login: 1580223128070
  logout: 1580223332819
ipAddress: 185.9.156.198
lastlocation:
  world: world
  x: -101.02646802530029
  y: 100.0625
  z: -419.49353718319264
  yaw: -269.65494
  pitch: 1.927168
money: '500.0'
logoutlocation:
  world: world
  x: -123.87854848175553
  y: 96.0
  z: -415.1970201013379
  yaw: -112.651184
  pitch: -4.1139717
