lastAccountName: GamingProTV
timestamps:
  login: 1543509004813
  logout: 1543509013257
ipAddress: 37.123.99.198
lastlocation:
  world: world
  x: 190.0
  y: 64.0
  z: 335.0
  yaw: 0.0
  pitch: 0.0
logoutlocation:
  world: world
  x: -7696.0211097654
  y: 152.0
  z: -8015.896017748527
  yaw: 241.66414
  pitch: 8.812413
