lastAccountName: 4Justie
timestamps:
  login: 1580329152064
  logout: 1580329397181
ipAddress: 185.9.156.198
lastlocation:
  world: world
  x: -101.02646802530029
  y: 100.0625
  z: -419.49353718319264
  yaw: -269.65494
  pitch: 1.927168
money: '500.0'
logoutlocation:
  world: world
  x: -121.78533669181721
  y: 96.0
  z: -423.9961279895308
  yaw: -217.94104
  pitch: 3.9788268
