lastAccountName: DARKDAVIS
timestamps:
  login: 1580585295975
  logout: 1580588005779
ipAddress: 185.9.156.198
lastlocation:
  world: world
  x: -101.02646802530029
  y: 100.0625
  z: -419.49353718319264
  yaw: -269.65494
  pitch: 1.927168
money: '500.0'
logoutlocation:
  world: world
  x: -108.01158685492527
  y: 96.0
  z: -429.1417042204514
  yaw: -216.85487
  pitch: 29.07718
