lastAccountName: UmitBey
timestamps:
  login: 1580141633111
  logout: 1580142458406
ipAddress: 185.9.156.198
lastlocation:
  world: world
  x: -101.02646802530029
  y: 100.0625
  z: -419.49353718319264
  yaw: -269.65494
  pitch: 1.927168
money: '500.0'
logoutlocation:
  world: world
  x: -144.9714475906907
  y: 97.44166959363017
  z: -421.42500001192093
  yaw: -25.516754
  pitch: 23.884851
