lastAccountName: jemjosh
timestamps:
  login: 1580230308620
  logout: 1580230931728
ipAddress: 185.9.156.198
lastlocation:
  world: world
  x: -101.02646802530029
  y: 100.0625
  z: -419.49353718319264
  yaw: -269.65494
  pitch: 1.927168
logoutlocation:
  world: world
  x: -125.11483208311856
  y: 96.0
  z: -409.5606894280161
  yaw: -355.59476
  pitch: 17.390556
money: '500.0'
