lastAccountName: Jester
timestamps:
  login: 1580415987932
  logout: 1580416124153
ipAddress: 185.9.156.198
lastlocation:
  world: world
  x: -101.02646802530029
  y: 100.0625
  z: -419.49353718319264
  yaw: -269.65494
  pitch: 1.927168
logoutlocation:
  world: world
  x: -102.57204903983705
  y: 100.0
  z: -419.49779901541126
  yaw: -269.20493
  pitch: 1.927168
money: '500.0'
