lastAccountName: BlackOrder
timestamps:
  login: 1580366941242
  logout: 1580367229946
ipAddress: 185.9.156.198
lastlocation:
  world: world
  x: -101.02646802530029
  y: 100.0625
  z: -419.49353718319264
  yaw: -269.65494
  pitch: 1.927168
money: '500.0'
logoutlocation:
  world: arena
  x: -339.2175640574104
  y: 88.49911932208562
  z: 1825.8484547447804
  yaw: -179.1189
  pitch: 16.811361
