lastAccountName: mert2143
timestamps:
  login: 1543243377182
  logout: 1543243642331
ipAddress: 37.123.99.198
lastlocation:
  world: world
  x: 190.0
  y: 64.0
  z: 335.0
  yaw: 0.0
  pitch: 0.0
logoutlocation:
  world: world
  x: -7695.835536358517
  y: 88.0
  z: -8026.651737173479
  yaw: 248.69635
  pitch: 77.35688
money: '100.0'
