lastAccountName: YoaGamingTR2
timestamps:
  login: 1543242361722
  logout: 1543242713113
ipAddress: 37.123.99.198
lastlocation:
  world: world
  x: 190.0
  y: 64.0
  z: 335.0
  yaw: 0.0
  pitch: 0.0
money: '100.0'
logoutlocation:
  world: world
  x: -7683.751809673998
  y: -611.0282782252748
  z: -8065.404003416248
  yaw: -46.85701
  pitch: -66.39449
