lastAccountName: JayHope
timestamps:
  login: 1580661466500
  logout: 1580661533772
ipAddress: 185.9.156.198
lastlocation:
  world: world
  x: -101.02646802530029
  y: 100.0625
  z: -419.49353718319264
  yaw: -269.65494
  pitch: 1.927168
money: '500.0'
logoutlocation:
  world: world
  x: -136.14975353650814
  y: 96.0
  z: -411.1938916448585
  yaw: 8.164721
  pitch: 33.454266
