lastAccountName: DeadSong
timestamps:
  login: 1580578214653
  logout: 1580578217266
ipAddress: 185.9.156.198
lastlocation:
  world: world
  x: -101.02646802530029
  y: 100.0625
  z: -419.49353718319264
  yaw: -269.65494
  pitch: 1.927168
logoutlocation:
  world: world
  x: -105.32271917834642
  y: 100.0
  z: -419.48525899629396
  yaw: -271.4079
  pitch: 8.855568
