lastAccountName: PleaseBeCareful
timestamps:
  login: 1580638613826
  logout: 1580638782567
ipAddress: 185.9.156.198
lastlocation:
  world: world
  x: -101.02646802530029
  y: 100.0625
  z: -419.49353718319264
  yaw: -269.65494
  pitch: 1.927168
money: '500.0'
logoutlocation:
  world: world
  x: -107.37314408348415
  y: 100.0625
  z: -419.3187933203583
  yaw: -267.73074
  pitch: -1.2641227
