lastAccountName: ybozknn
timestamps:
  login: 1580647901458
  logout: 1580648225969
ipAddress: 185.9.156.198
lastlocation:
  world: world
  x: -101.02646802530029
  y: 100.0625
  z: -419.49353718319264
  yaw: -269.65494
  pitch: 1.927168
money: '500.0'
logoutlocation:
  world: world
  x: -103.82550663416322
  y: 100.0
  z: -419.5105615415197
  yaw: -269.53015
  pitch: 1.9895622
