lastAccountName: KedvertiX_
timestamps:
  login: 1580397648618
  logout: 1580399037011
ipAddress: 185.9.156.198
lastlocation:
  world: world
  x: -101.02646802530029
  y: 100.0625
  z: -419.49353718319264
  yaw: -269.65494
  pitch: 1.927168
logoutlocation:
  world: world
  x: -105.98996499810663
  y: 100.0625
  z: -419.69392434083977
  yaw: -265.69556
  pitch: 25.119106
money: '500.0'
