lastAccountName: YamacPvP
timestamps:
  login: 1543685216132
  lastteleport: 1543662698969
  logout: 1543685320526
ipAddress: 37.123.99.198
lastlocation:
  world: world
  x: -7699.069034343852
  y: 154.0
  z: -8013.23252929709
  yaw: 159.13425
  pitch: 22.803556
money: '100.0'
logoutlocation:
  world: world
  x: -7697.939383166985
  y: 84.0
  z: -7977.211890546522
  yaw: 125.71515
  pitch: 13.312398
