lastAccountName: iMarbling
timestamps:
  login: 1580141131065
  lastteleport: 1580141145881
  logout: 1580141909972
ipAddress: 185.9.156.198
lastlocation:
  world: world
  x: -113.37292411911884
  y: 96.0
  z: -419.55214929128346
  yaw: -87.497475
  pitch: 3.047405
money: '500.0'
logoutlocation:
  world: world
  x: -129.98489342913032
  y: 97.0
  z: -442.26404530710016
  yaw: 272.4364
  pitch: 8.588791
