lastAccountName: ErenayTuncel
timestamps:
  login: 1580578022621
  lastteleport: 1580208381205
  logout: 1580578081753
ipAddress: 185.9.156.198
lastlocation:
  world: world
  x: -127.42022240168646
  y: 96.015625
  z: -416.1388389347961
  yaw: -97.454994
  pitch: 18.127197
money: '500.0'
logoutlocation:
  world: world
  x: -106.60662029092157
  y: 100.0625
  z: -419.3655353105097
  yaw: -271.75494
  pitch: -1.972832
afk: false
