lastAccountName: LordVaarysYT
timestamps:
  login: 1580337449373
  logout: 1580338014265
ipAddress: 185.9.156.198
lastlocation:
  world: world
  x: -101.02646802530029
  y: 100.0625
  z: -419.49353718319264
  yaw: -269.65494
  pitch: 1.927168
logoutlocation:
  world: world
  x: -119.4880070145904
  y: 96.0
  z: -417.0957834018872
  yaw: -216.99702
  pitch: 11.24499
money: '500.0'
