lastAccountName: samet48
timestamps:
  login: 1543249372769
  logout: 1543249395023
ipAddress: 37.123.99.198
lastlocation:
  world: world
  x: 190.0
  y: 64.0
  z: 335.0
  yaw: 0.0
  pitch: 0.0
logoutlocation:
  world: world
  x: -7670.359762882115
  y: 153.0
  z: -8047.703822665405
  yaw: -256.63095
  pitch: 6.2822165
