lastAccountName: Noobstar
timestamps:
  login: 1580903900592
  logout: 1580903959705
  lastteleport: 1580231593778
ipAddress: 185.9.156.198
lastlocation:
  world: world
  x: -115.06959945089415
  y: 96.0
  z: -418.77354951215267
  yaw: -87.786255
  pitch: -17.669449
money: '500.0'
logoutlocation:
  world: world
  x: -101.02646802530029
  y: 100.0625
  z: -419.49353718319264
  yaw: -269.65494
  pitch: 1.927168
