lastAccountName: BerdanVarol
timestamps:
  login: 1580891851338
  logout: 1580891997153
ipAddress: 185.9.156.198
lastlocation:
  world: world
  x: -101.02646802530029
  y: 100.0625
  z: -419.49353718319264
  yaw: -269.65494
  pitch: 1.927168
logoutlocation:
  world: world
  x: -130.7579556629591
  y: 96.5
  z: -434.10145299802997
  yaw: 70.96742
  pitch: 18.586342
money: '500.0'
