lastAccountName: alisert15
timestamps:
  login: 1543511571055
  logout: 1543511593122
ipAddress: 37.123.99.198
lastlocation:
  world: world
  x: 190.0
  y: 64.0
  z: 335.0
  yaw: 0.0
  pitch: 0.0
logoutlocation:
  world: world
  x: -7698.480341204945
  y: 153.0
  z: -8013.4800664976365
  yaw: 248.23119
  pitch: 14.673616
