lastAccountName: iBaySefa_YT
timestamps:
  login: 1580897386446
  logout: 1580897388853
ipAddress: 185.9.156.198
lastlocation:
  world: world
  x: -101.02646802530029
  y: 100.0625
  z: -419.49353718319264
  yaw: -269.65494
  pitch: 1.927168
money: '500.0'
logoutlocation:
  world: world
  x: -121.32699456359691
  y: 96.0
  z: -418.8767316089541
  yaw: -271.9999
  pitch: 6.9619536
