lastAccountName: Captain220
timestamps:
  login: 1580499215245
  logout: 1580499500496
ipAddress: 185.9.156.198
lastlocation:
  world: world
  x: -101.02646802530029
  y: 100.0625
  z: -419.49353718319264
  yaw: -269.65494
  pitch: 1.927168
logoutlocation:
  world: world
  x: -125.55073993173613
  y: 96.0
  z: -430.9452629421006
  yaw: -240.9843
  pitch: 24.884819
money: '500.0'
