lastAccountName: adigeenes
timestamps:
  login: 1580316699476
  logout: 1580317024199
ipAddress: 185.9.156.198
lastlocation:
  world: world
  x: -101.02646802530029
  y: 100.0625
  z: -419.49353718319264
  yaw: -269.65494
  pitch: 1.927168
money: '500.0'
logoutlocation:
  world: world
  x: -130.52807804460366
  y: 96.5
  z: -414.7832903825052
  yaw: -278.38788
  pitch: 11.907796
