lastAccountName: Gmelrds
timestamps:
  login: 1580295251692
  logout: 1580295566311
ipAddress: 185.9.156.198
lastlocation:
  world: world
  x: -101.02646802530029
  y: 100.0625
  z: -419.49353718319264
  yaw: -269.65494
  pitch: 1.927168
money: '500.0'
logoutlocation:
  world: world
  x: -101.097062630664
  y: 100.0
  z: -430.30000001192093
  yaw: -5.039973
  pitch: 12.341576
