lastAccountName: ardaklarbaba
timestamps:
  login: 1580464914241
  logout: 1580465634216
ipAddress: 185.9.156.198
lastlocation:
  world: world
  x: -101.02646802530029
  y: 100.0625
  z: -419.49353718319264
  yaw: -269.65494
  pitch: 1.927168
money: '500.0'
logoutlocation:
  world: world
  x: -124.7263411162972
  y: 96.0
  z: -424.55237286194694
  yaw: -54.405228
  pitch: 14.227132
