lastAccountName: MetehanSN
timestamps:
  login: 1580492137758
  kits:
    gunluk: 1544207536003
  lastteleport: 1580493054456
  logout: 1580493067862
ipAddress: 185.9.156.198
lastlocation:
  world: world
  x: -103.90609899444573
  y: 100.0
  z: -419.506747900974
  yaw: -269.65494
  pitch: 1.927168
money: '100.0'
logoutlocation:
  world: world
  x: -121.5
  y: 96.0
  z: -416.5
  yaw: -281.20496
  pitch: 27.127169
afk: false
