lastAccountName: m4mimal
timestamps:
  login: 1580210395206
  logout: 1580210514449
ipAddress: 185.9.156.198
lastlocation:
  world: world
  x: -101.02646802530029
  y: 100.0625
  z: -419.49353718319264
  yaw: -269.65494
  pitch: 1.927168
logoutlocation:
  world: world
  x: -147.1448709236265
  y: 98.0
  z: -401.33976406776776
  yaw: -90.31854
  pitch: 7.053835
money: '500.0'
