lastAccountName: atakanpr
timestamps:
  login: 1580464984190
  logout: 1580465186883
ipAddress: 185.9.156.198
lastlocation:
  world: world
  x: -101.02646802530029
  y: 100.0625
  z: -419.49353718319264
  yaw: -269.65494
  pitch: 1.927168
money: '500.0'
logoutlocation:
  world: world
  x: -121.57343947471894
  y: 96.0
  z: -419.1555700440577
  yaw: -198.83661
  pitch: -11.612301
