lastAccountName: NearoxYT
timestamps:
  login: 1580217035437
  logout: 1580217205856
ipAddress: 185.9.156.198
lastlocation:
  world: world
  x: -101.02646802530029
  y: 100.0625
  z: -419.49353718319264
  yaw: -269.65494
  pitch: 1.927168
money: '500.0'
logoutlocation:
  world: world
  x: -143.22442861977436
  y: 97.0
  z: -404.57498902323886
  yaw: 226.48376
  pitch: 35.59066
