lastAccountName: ahmeterent
timestamps:
  login: 1580901953705
  logout: 1580902141948
ipAddress: 185.9.156.198
lastlocation:
  world: world
  x: -101.02646802530029
  y: 100.0625
  z: -419.49353718319264
  yaw: -269.65494
  pitch: 1.927168
money: '500.0'
logoutlocation:
  world: world
  x: -115.97894268564929
  y: 96.0
  z: -418.34894506662494
  yaw: -264.01782
  pitch: 26.141928
