lastAccountName: erererer
timestamps:
  login: 1580304769139
  logout: 1580304778213
ipAddress: 185.9.156.198
lastlocation:
  world: world
  x: -101.02646802530029
  y: 100.0625
  z: -419.49353718319264
  yaw: -269.65494
  pitch: 1.927168
money: '500.0'
logoutlocation:
  world: world
  x: -109.89679631775704
  y: 100.0
  z: -419.33787216044215
  yaw: -270.70493
  pitch: 2.6771681
