lastAccountName: HusSin_QuZmaR
timestamps:
  login: 1580631344923
  logout: 1580632065905
ipAddress: 185.9.156.198
lastlocation:
  world: world
  x: -101.02646802530029
  y: 100.0625
  z: -419.49353718319264
  yaw: -269.65494
  pitch: 1.927168
money: '500.0'
logoutlocation:
  world: arena
  x: -7.392558839286674
  y: 105.0
  z: 1649.7913389073683
  yaw: -302.2319
  pitch: 14.068315
