lastAccountName: ata_tkd11
timestamps:
  login: 1580239098736
  logout: 1580239417310
ipAddress: 185.9.156.198
lastlocation:
  world: world
  x: -101.02646802530029
  y: 100.0625
  z: -419.49353718319264
  yaw: -269.65494
  pitch: 1.927168
logoutlocation:
  world: world
  x: -148.82071364615632
  y: 97.0
  z: -407.1717127925733
  yaw: -330.9386
  pitch: -13.963797
money: '500.0'
