lastAccountName: iYigitStrqfee
timestamps:
  login: 1580323070774
  logout: 1580323073535
ipAddress: 185.9.156.198
lastlocation:
  world: world
  x: -101.02646802530029
  y: 100.0625
  z: -419.49353718319264
  yaw: -269.65494
  pitch: 1.927168
money: '500.0'
logoutlocation:
  world: world
  x: -111.77860854206631
  y: 99.65658248110962
  z: -419.52415338264484
  yaw: -269.4183
  pitch: -1.0306257
