lastAccountName: Fake_Dead06
timestamps:
  login: 1580844493160
  logout: 1580844497836
ipAddress: 185.9.156.198
lastlocation:
  world: world
  x: -101.02646802530029
  y: 100.0625
  z: -419.49353718319264
  yaw: -269.65494
  pitch: 1.927168
logoutlocation:
  world: world
  x: -126.76641196308148
  y: 96.0
  z: -428.8177634291857
  yaw: -233.44894
  pitch: 13.350251
money: '500.0'
