lastAccountName: mehmeteren37
timestamps:
  login: 1543421057760
  logout: 1543421182133
ipAddress: 37.123.99.198
lastlocation:
  world: world
  x: 190.0
  y: 64.0
  z: 335.0
  yaw: 0.0
  pitch: 0.0
money: '100.0'
logoutlocation:
  world: world
  x: -7685.665265513596
  y: 152.0
  z: -8097.650363749159
  yaw: 195.29968
  pitch: 8.249999
