lastAccountName: Sept31
timestamps:
  login: 1583516189273
  logout: 1583516474761
ipAddress: 85.101.138.241
lastlocation:
  world: world
  x: -101.02646802530029
  y: 100.0625
  z: -419.49353718319264
  yaw: -269.65494
  pitch: 1.927168
logoutlocation:
  world: world
  x: -133.09930475451313
  y: 96.0
  z: -424.6033328426094
  yaw: 167.60306
  pitch: 8.416201
