lastAccountName: xClashRed
timestamps:
  login: 1543602004791
  logout: 1543602057334
ipAddress: 37.123.99.198
lastlocation:
  world: world
  x: 190.0
  y: 64.0
  z: 335.0
  yaw: 0.0
  pitch: 0.0
money: '100.0'
logoutlocation:
  world: world
  x: -7666.315364381105
  y: 153.0
  z: -8041.699999988079
  yaw: -198.58586
  pitch: 48.712414
