lastAccountName: ByBozKurt_07
timestamps:
  login: 1580321161450
  logout: 1580321171066
ipAddress: 185.9.156.198
lastlocation:
  world: world
  x: -101.02646802530029
  y: 100.0625
  z: -419.49353718319264
  yaw: -269.65494
  pitch: 1.927168
money: '500.0'
logoutlocation:
  world: world
  x: -131.37586306952213
  y: 96.0
  z: -418.4829398779353
  yaw: -275.65494
  pitch: 18.877165
