lastAccountName: Salih_Avci
timestamps:
  login: 1580284663639
  logout: 1580285014311
ipAddress: 185.9.156.198
lastlocation:
  world: world
  x: -101.02646802530029
  y: 100.0625
  z: -419.49353718319264
  yaw: -269.65494
  pitch: 1.927168
money: '500.0'
logoutlocation:
  world: world
  x: -142.08068074461357
  y: 97.0
  z: -403.09222716755755
  yaw: -221.32379
  pitch: -1.7590255
