lastAccountName: xChrisMCx
timestamps:
  login: 1580296480524
  logout: 1580297088679
ipAddress: 185.9.156.198
lastlocation:
  world: world
  x: -101.02646802530029
  y: 100.0625
  z: -419.49353718319264
  yaw: -269.65494
  pitch: 1.927168
money: '500.0'
logoutlocation:
  world: world
  x: -146.97349959930656
  y: 97.0
  z: -411.16051603171826
  yaw: 30.266874
  pitch: 20.10649
