lastAccountName: SSJGODAGUSLU
timestamps:
  login: 1580318275442
  logout: 1580318424988
ipAddress: 185.9.156.198
lastlocation:
  world: world
  x: -101.02646802530029
  y: 100.0625
  z: -419.49353718319264
  yaw: -269.65494
  pitch: 1.927168
money: '500.0'
logoutlocation:
  world: world
  x: -105.22407979939474
  y: 100.0
  z: -419.4252984261076
  yaw: -272.9376
  pitch: -17.06537
