lastAccountName: MamiStrqfe_
timestamps:
  login: 1580584096488
  logout: 1580584223608
ipAddress: 185.9.156.198
lastlocation:
  world: world
  x: -101.02646802530029
  y: 100.0625
  z: -419.49353718319264
  yaw: -269.65494
  pitch: 1.927168
logoutlocation:
  world: world
  x: -101.02646802530029
  y: 100.0625
  z: -419.49353718319264
  yaw: -262.30493
  pitch: -1.072832
money: '500.0'
