lastAccountName: Royal_Dead
timestamps:
  login: 1580406535731
  logout: 1580407409596
ipAddress: 185.9.156.198
lastlocation:
  world: world
  x: -101.02646802530029
  y: 100.0625
  z: -419.49353718319264
  yaw: -269.65494
  pitch: 1.927168
money: '500.0'
logoutlocation:
  world: world
  x: -115.93543325995361
  y: 96.0625
  z: -422.3113108801777
  yaw: -252.25491
  pitch: 10.327166
