lastAccountName: furlankraltr
timestamps:
  login: 1580296971154
  logout: 1580297128469
ipAddress: 185.9.156.198
lastlocation:
  world: world
  x: -101.02646802530029
  y: 100.0625
  z: -419.49353718319264
  yaw: -269.65494
  pitch: 1.927168
money: '500.0'
logoutlocation:
  world: world
  x: -109.26805627424838
  y: 100.0
  z: -419.50387731759486
  yaw: -270.2549
  pitch: 1.0271666
