lastAccountName: zEnesStrqfe_7
timestamps:
  login: 1580375722213
  logout: 1580376269182
ipAddress: 185.9.156.198
lastlocation:
  world: world
  x: -101.02646802530029
  y: 100.0625
  z: -419.49353718319264
  yaw: -269.65494
  pitch: 1.927168
money: '500.0'
logoutlocation:
  world: world
  x: -132.18259659372973
  y: 96.0
  z: -424.80882302490244
  yaw: -259.30496
  pitch: 16.627174
