lastAccountName: bgencecat
timestamps:
  login: 1580465966947
  logout: 1580465998953
ipAddress: 185.9.156.198
lastlocation:
  world: world
  x: -101.02646802530029
  y: 100.0625
  z: -419.49353718319264
  yaw: -269.65494
  pitch: 1.927168
logoutlocation:
  world: world
  x: -106.30000001192089
  y: 97.0
  z: -409.69999998807907
  yaw: -151.30447
  pitch: -0.47281668
