lastAccountName: ZemZem_
timestamps:
  login: 1580479884308
  logout: 1580479950146
ipAddress: 185.9.156.198
lastlocation:
  world: world
  x: -101.02646802530029
  y: 100.0625
  z: -419.49353718319264
  yaw: -269.65494
  pitch: 1.927168
money: '500.0'
logoutlocation:
  world: world
  x: -125.77881149968805
  y: 96.015625
  z: -417.8563156570666
  yaw: -260.82187
  pitch: 7.844812
