lastAccountName: 35OO
timestamps:
  login: 1580711834804
  logout: 1580712211824
ipAddress: 185.9.156.198
lastlocation:
  world: world
  x: -101.02646802530029
  y: 100.0625
  z: -419.49353718319264
  yaw: -269.65494
  pitch: 1.927168
money: '500.0'
logoutlocation:
  world: world
  x: -109.60382634830029
  y: 100.0
  z: -419.268470658953
  yaw: -271.07468
  pitch: 1.5722327
