lastAccountName: SebepsizKral
timestamps:
  login: 1580645563334
  logout: 1580645566395
ipAddress: 185.9.156.198
lastlocation:
  world: world
  x: -101.02646802530029
  y: 100.0625
  z: -419.49353718319264
  yaw: -269.65494
  pitch: 1.927168
logoutlocation:
  world: world
  x: -101.5
  y: 100.0
  z: -419.5
  yaw: -269.65494
  pitch: 2.252944
