lastAccountName: CrazyBoy2
timestamps:
  login: 1580394661187
  logout: 1580395353094
ipAddress: 185.9.156.198
lastlocation:
  world: world
  x: -101.02646802530029
  y: 100.0625
  z: -419.49353718319264
  yaw: -269.65494
  pitch: 1.927168
money: '500.0'
logoutlocation:
  world: world
  x: -124.95858210377286
  y: 96.0
  z: -429.96496356957937
  yaw: 147.245
  pitch: 16.716225
