lastAccountName: tunababa100
timestamps:
  login: 1580339301615
  logout: 1580339674774
ipAddress: 185.9.156.198
lastlocation:
  world: world
  x: -101.02646802530029
  y: 100.0625
  z: -419.49353718319264
  yaw: -269.65494
  pitch: 1.927168
money: '500.0'
logoutlocation:
  world: world
  x: -123.48781062973536
  y: 96.0
  z: -416.83147643047647
  yaw: -283.93732
  pitch: 17.9023
