lastAccountName: EjderyaGame
timestamps:
  login: 1580665313806
  logout: 1580665520514
ipAddress: 185.9.156.198
lastlocation:
  world: world
  x: -101.02646802530029
  y: 100.0625
  z: -419.49353718319264
  yaw: -269.65494
  pitch: 1.927168
logoutlocation:
  world: world
  x: -113.49347824389332
  y: 96.0
  z: -425.42439035080884
  yaw: -61.43695
  pitch: 8.144501
money: '500.0'
