lastAccountName: Arda_Topaloglu
timestamps:
  login: 1580566844269
  logout: 1580567064227
ipAddress: 185.9.156.198
lastlocation:
  world: world
  x: -101.02646802530029
  y: 100.0625
  z: -419.49353718319264
  yaw: -269.65494
  pitch: 1.927168
money: '500.0'
logoutlocation:
  world: world
  x: -102.30000001192096
  y: 96.0
  z: -431.5394795254054
  yaw: 257.74487
  pitch: -20.122822
