lastAccountName: Egexx25
timestamps:
  login: 1580217167190
  logout: 1580218251361
ipAddress: 185.9.156.198
lastlocation:
  world: world
  x: -101.02646802530029
  y: 100.0625
  z: -419.49353718319264
  yaw: -269.65494
  pitch: 1.927168
logoutlocation:
  world: world
  x: -120.86414023000518
  y: 96.0
  z: -420.83600732438083
  yaw: -213.55498
  pitch: -33.322834
money: '500.0'
