lastlocation:
  world: arena
  x: -1073.0404560079617
  y: 111.0
  z: 1870.684504617012
  yaw: -230.2772
  pitch: 1.2058634
lastAccountName: SelinCelik
timestamps:
  login: 1580141787781
  lastteleport: 1580142755686
  logout: 1580142829199
ipAddress: 78.162.22.1
money: '500.0'
logoutlocation:
  world: world
  x: -128.1085331219132
  y: 96.015625
  z: -416.6885246660268
  yaw: -175.99695
  pitch: 14.608184
