lastAccountName: Realnesss
timestamps:
  login: 1580235371426
  logout: 1580235388179
ipAddress: 185.9.156.198
lastlocation:
  world: world
  x: -101.02646802530029
  y: 100.0625
  z: -419.49353718319264
  yaw: -269.65494
  pitch: 1.927168
logoutlocation:
  world: world
  x: -158.33486234849366
  y: 94.0
  z: -423.6998966361498
  yaw: -269.97128
  pitch: 43.420643
money: '500.0'
