lastAccountName: FlameArrow
timestamps:
  login: 1580758089774
  logout: 1580758512846
ipAddress: 185.9.156.198
lastlocation:
  world: world
  x: -101.02646802530029
  y: 100.0625
  z: -419.49353718319264
  yaw: -269.65494
  pitch: 1.927168
money: '500.0'
logoutlocation:
  world: world
  x: -167.84789760121654
  y: 78.0
  z: -441.69999998807907
  yaw: -197.95494
  pitch: 35.677174
