lastAccountName: HzKarabulut
timestamps:
  login: 1580584991802
  logout: 1580585058003
ipAddress: 185.9.156.198
lastlocation:
  world: world
  x: -101.02646802530029
  y: 100.0625
  z: -419.49353718319264
  yaw: -269.65494
  pitch: 1.927168
money: '500.0'
logoutlocation:
  world: world
  x: -101.56793290527487
  y: 100.0625
  z: -418.8918159162487
  yaw: -285.4236
  pitch: 15.076386
