lastAccountName: YavuzBabaX
timestamps:
  login: 1580391280382
  logout: 1580391282638
ipAddress: 185.9.156.198
lastlocation:
  world: world
  x: -101.02646802530029
  y: 100.0625
  z: -419.49353718319264
  yaw: -269.65494
  pitch: 1.927168
money: '500.0'
logoutlocation:
  world: world
  x: -101.90696123692742
  y: 100.0
  z: -419.4972075777006
  yaw: -269.65494
  pitch: 1.927168
