lastAccountName: ramhax
timestamps:
  login: 1580471967932
  logout: 1580472009140
ipAddress: 185.9.156.198
lastlocation:
  world: world
  x: -101.02646802530029
  y: 100.0625
  z: -419.49353718319264
  yaw: -269.65494
  pitch: 1.927168
money: '500.0'
logoutlocation:
  world: world
  x: -107.21973773558163
  y: 100.0
  z: -418.5400288834104
  yaw: -206.62146
  pitch: 18.950403
