lastAccountName: agaaga1
timestamps:
  login: 1543338181445
  logout: 1543338284710
ipAddress: 37.123.99.198
lastlocation:
  world: world
  x: 190.0
  y: 64.0
  z: 335.0
  yaw: 0.0
  pitch: 0.0
logoutlocation:
  world: world
  x: -7681.387225921489
  y: 152.0
  z: -8028.094061322529
  yaw: 137.8641
  pitch: 25.312437
