lastAccountName: OzcanKahramanYT
timestamps:
  login: 1580320155061
  logout: 1580320450954
ipAddress: 185.9.156.198
lastlocation:
  world: world
  x: -101.02646802530029
  y: 100.0625
  z: -419.49353718319264
  yaw: -269.65494
  pitch: 1.927168
money: '500.0'
logoutlocation:
  world: world
  x: -119.25794562203995
  y: 96.0
  z: -427.04415345408864
  yaw: -326.4186
  pitch: 16.385864
