lastAccountName: Fijji88
timestamps:
  login: 1580488094847
  logout: 1580489067178
  lastteleport: 1580403356765
ipAddress: 185.9.156.198
lastlocation:
  world: world
  x: -106.69999998807907
  y: 98.0
  z: -403.9731971366882
  yaw: -141.25487
  pitch: 63.44998
money: '500.0'
logoutlocation:
  world: world
  x: -102.09919938257488
  y: 100.0
  z: -419.4964967889647
  yaw: -269.65494
  pitch: 1.927168
