lastAccountName: xRektEzz
timestamps:
  login: 1580328032989
  logout: 1580328056025
ipAddress: 185.9.156.198
lastlocation:
  world: world
  x: -101.02646802530029
  y: 100.0625
  z: -419.49353718319264
  yaw: -269.65494
  pitch: 1.927168
money: '500.0'
logoutlocation:
  world: world
  x: -109.70953255711238
  y: 100.0
  z: -419.6548310032219
  yaw: -102.59101
  pitch: 7.652849
