lastAccountName: BABA_2828
timestamps:
  login: 1543669434243
  logout: 1543669476953
ipAddress: 37.123.99.198
lastlocation:
  world: world
  x: 190.0
  y: 64.0
  z: 335.0
  yaw: 0.0
  pitch: 0.0
logoutlocation:
  world: world
  x: -7658.100338161018
  y: 152.0
  z: -8089.694071618203
  yaw: -141.406
  pitch: -1.0778345
