lastAccountName: BluMaster
timestamps:
  login: 1580398715329
  logout: 1580399763249
ipAddress: 185.9.156.198
lastlocation:
  world: world
  x: -101.02646802530029
  y: 100.0625
  z: -419.49353718319264
  yaw: -269.65494
  pitch: 1.927168
money: '500.0'
logoutlocation:
  world: world
  x: -110.28714253455499
  y: 100.0
  z: -418.7462033476012
  yaw: -277.75488
  pitch: 11.52717
