lastAccountName: Coki
timestamps:
  login: 1580287141020
  logout: 1580287616608
ipAddress: 185.9.156.198
lastlocation:
  world: world
  x: -101.02646802530029
  y: 100.0625
  z: -419.49353718319264
  yaw: -269.65494
  pitch: 1.927168
money: '500.0'
logoutlocation:
  world: world
  x: -150.69999998807907
  y: 97.0
  z: -405.9773148848341
  yaw: -192.08612
  pitch: 17.845165
