lastAccountName: VercTR
timestamps:
  login: 1583430156638
  logout: 1583430632095
ipAddress: 83.66.108.138
lastlocation:
  world: world
  x: -101.02646802530029
  y: 100.0625
  z: -419.49353718319264
  yaw: -269.65494
  pitch: 1.927168
money: '500.0'
logoutlocation:
  world: world
  x: -132.33084492911854
  y: 97.0
  z: -436.335604960596
  yaw: -234.11938
  pitch: 14.387812
