lastAccountName: DarkOffencer
timestamps:
  login: 1580659887437
  logout: 1580660031891
ipAddress: 185.9.156.198
lastlocation:
  world: world
  x: -101.02646802530029
  y: 100.0625
  z: -419.49353718319264
  yaw: -269.65494
  pitch: 1.927168
money: '500.0'
logoutlocation:
  world: world
  x: -114.1285593413915
  y: 96.0
  z: -418.4318840083195
  yaw: -283.2857
  pitch: 28.606258
