lastAccountName: CanOfficialYT
timestamps:
  login: 1580416827427
  logout: 1580416952011
ipAddress: 185.9.156.198
lastlocation:
  world: world
  x: -101.02646802530029
  y: 100.0625
  z: -419.49353718319264
  yaw: -269.65494
  pitch: 1.927168
money: '500.0'
logoutlocation:
  world: arena
  x: -38.011276108326896
  y: 109.0
  z: 1630.4523790828557
  yaw: -53.077316
  pitch: 20.700165
