lastAccountName: ensar26
timestamps:
  login: 1543243658304
  logout: 1543243740678
ipAddress: 37.123.99.198
lastlocation:
  world: world
  x: 190.0
  y: 64.0
  z: 335.0
  yaw: 0.0
  pitch: 0.0
logoutlocation:
  world: world
  x: -7676.839663788122
  y: 152.0
  z: -8024.644463221076
  yaw: 152.55
  pitch: 11.699999
