lastAccountName: MrMustqfqWinner
timestamps:
  login: 1580566094427
  logout: 1580567137212
ipAddress: 185.9.156.198
lastlocation:
  world: world
  x: -101.02646802530029
  y: 100.0625
  z: -419.49353718319264
  yaw: -269.65494
  pitch: 1.927168
money: '500.0'
logoutlocation:
  world: world
  x: -146.6906260112869
  y: 97.0
  z: -413.47964252456023
  yaw: 223.24509
  pitch: 22.927172
