lastAccountName: Hissetmem
timestamps:
  login: 1580585039200
  logout: 1580585402126
ipAddress: 185.9.156.198
lastlocation:
  world: world
  x: -101.02646802530029
  y: 100.0625
  z: -419.49353718319264
  yaw: -269.65494
  pitch: 1.927168
money: '500.0'
logoutlocation:
  world: world
  x: -179.92278812651932
  y: 83.0
  z: -426.4697992079618
  yaw: -220.50099
  pitch: 30.749954
