lastAccountName: YellowLionHD
timestamps:
  login: 1543170323727
  logout: 1543170497693
ipAddress: 37.123.99.198
lastlocation:
  world: world
  x: 190.0
  y: 64.0
  z: 335.0
  yaw: 0.0
  pitch: 0.0
money: '100.0'
logoutlocation:
  world: world
  x: -7570.466996416525
  y: 88.0
  z: -8025.707748712699
  yaw: 27.41946
  pitch: 15.865235
