lastAccountName: srphm
timestamps:
  login: 1543341544727
  logout: 1543341654148
ipAddress: 37.123.99.198
lastlocation:
  world: world
  x: 190.0
  y: 64.0
  z: 335.0
  yaw: 0.0
  pitch: 0.0
money: '100.0'
logoutlocation:
  world: world
  x: -7670.121820140989
  y: 152.0
  z: -8038.933526409206
  yaw: -87.45006
  pitch: -9.900014
