lastAccountName: berke909
timestamps:
  login: 1580370006463
  logout: 1580370355572
  lastteleport: 1580310709201
ipAddress: 185.9.156.198
lastlocation:
  world: world
  x: -144.09322413035653
  y: 100.0625
  z: -420.68581369569443
  yaw: -284.3551
  pitch: 82.350006
money: '500.0'
logoutlocation:
  world: world
  x: -113.16689351161976
  y: 96.0
  z: -424.764140308603
  yaw: 213.7951
  pitch: 27.877165
