lastAccountName: StyleEfeYT
timestamps:
  login: 1580299296090
  logout: 1580299300009
ipAddress: 185.9.156.198
lastlocation:
  world: world
  x: -101.02646802530029
  y: 100.0625
  z: -419.49353718319264
  yaw: -269.65494
  pitch: 1.927168
money: '500.0'
logoutlocation:
  world: world
  x: -102.84475466602835
  y: 100.0
  z: -421.3650876588029
  yaw: -99.57489
  pitch: 8.352324
