lastAccountName: xDarqAngels
timestamps:
  login: 1544718732925
  lastteleport: 1544034242816
  logout: 1544719111688
ipAddress: 127.0.0.1
lastlocation:
  world: world
  x: -101.02646802530029
  y: 100.0625
  z: -419.49353718319264
  yaw: -269.65494
  pitch: 1.927168
money: '0.0'
logoutlocation:
  world: world
  x: -145.51561816431695
  y: 97.0
  z: -408.1943930548042
  yaw: -127.841675
  pitch: 3.5488837
