lastAccountName: xMatte24
timestamps:
  login: 1543168824796
  logout: 1543168830939
ipAddress: 37.123.99.198
lastlocation:
  world: world
  x: 190.0
  y: 64.0
  z: 335.0
  yaw: 0.0
  pitch: 0.0
logoutlocation:
  world: world
  x: -7697.8704977608495
  y: 153.0
  z: -8013.914545200468
  yaw: 0.0
  pitch: 0.0
