lastAccountName: yunus846
timestamps:
  login: 1580485237160
  lastteleport: 1580401191924
  logout: 1580486067535
ipAddress: 185.9.156.198
lastlocation:
  world: world
  x: -119.47730252420993
  y: 97.5
  z: -435.6038946577097
  yaw: -324.70544
  pitch: 24.299921
logoutlocation:
  world: world
  x: -141.3083539279633
  y: 97.0
  z: -400.847880214493
  yaw: -94.45492
  pitch: 51.127148
money: '500.0'
