lastAccountName: sevvalatamer
timestamps:
  login: 1580906525860
  logout: 1580907573743
  lastteleport: 1580494463002
ipAddress: 185.9.156.198
lastlocation:
  world: world
  x: -141.7130134466728
  y: 98.5
  z: -430.6594088110636
  yaw: -63.51123
  pitch: 13.989288
money: '500.0'
logoutlocation:
  world: world
  x: -101.02646802530029
  y: 100.0625
  z: -419.49353718319264
  yaw: -269.65494
  pitch: 1.927168
