lastAccountName: sametemrexx
timestamps:
  login: 1580291279762
  logout: 1580291315424
ipAddress: 185.9.156.198
lastlocation:
  world: world
  x: -101.02646802530029
  y: 100.0625
  z: -419.49353718319264
  yaw: -269.65494
  pitch: 1.927168
logoutlocation:
  world: world
  x: -136.48444188697147
  y: 97.0
  z: -431.2957733704909
  yaw: -319.21948
  pitch: -6.4073954
