lastAccountName: kagan26eses26
timestamps:
  login: 1580471827870
  logout: 1580472011646
ipAddress: 185.9.156.198
lastlocation:
  world: world
  x: -101.02646802530029
  y: 100.0625
  z: -419.49353718319264
  yaw: -269.65494
  pitch: 1.927168
money: '500.0'
logoutlocation:
  world: world
  x: -106.37163402907342
  y: 100.0625
  z: -419.696673070239
  yaw: -76.75499
  pitch: 35.827194
