lastAccountName: xxgodpvpxx
timestamps:
  login: 1580325368391
  logout: 1580325398160
ipAddress: 185.9.156.198
lastlocation:
  world: world
  x: -101.02646802530029
  y: 100.0625
  z: -419.49353718319264
  yaw: -269.65494
  pitch: 1.927168
logoutlocation:
  world: world
  x: -119.77918543388418
  y: 96.0
  z: -434.64253441206074
  yaw: -301.28357
  pitch: -2.3338528
