lastAccountName: Voqi
timestamps:
  login: 1580357464679
  logout: 1580358215320
ipAddress: 185.9.156.198
lastlocation:
  world: world
  x: -101.02646802530029
  y: 100.0625
  z: -419.49353718319264
  yaw: -269.65494
  pitch: 1.927168
money: '500.0'
logoutlocation:
  world: world
  x: -103.08249634559147
  y: 100.0
  z: -416.84217957493087
  yaw: -183.79875
  pitch: 3.7558393
