lastAccountName: Emirhan0535
timestamps:
  login: 1543662531130
  logout: 1543662594608
ipAddress: 37.123.99.198
lastlocation:
  world: world
  x: 190.0
  y: 64.0
  z: 335.0
  yaw: 0.0
  pitch: 0.0
money: '100.0'
logoutlocation:
  world: world
  x: -7706.088317899649
  y: -885.0287470344359
  z: -8041.84054216275
  yaw: -21.545319
  pitch: -86.55
