lastAccountName: 01mert
timestamps:
  login: 1580216184564
  logout: 1580216266261
ipAddress: 185.9.156.198
lastlocation:
  world: world
  x: -101.02646802530029
  y: 100.0625
  z: -419.49353718319264
  yaw: -269.65494
  pitch: 1.927168
money: '500.0'
logoutlocation:
  world: arena
  x: -1108.4537608679975
  y: 111.0
  z: 1801.9983032025275
  yaw: -126.10405
  pitch: 38.896122
