lastAccountName: oApel
timestamps:
  login: 1580393312758
  logout: 1580393358209
ipAddress: 185.9.156.198
lastlocation:
  world: world
  x: -101.02646802530029
  y: 100.0625
  z: -419.49353718319264
  yaw: -269.65494
  pitch: 1.927168
money: '500.0'
logoutlocation:
  world: world
  x: -112.61812724849533
  y: 96.0
  z: -418.6187993142218
  yaw: -274.7329
  pitch: 6.3169446
