lastAccountName: Stampyfan
timestamps:
  login: 1580413570047
  logout: 1580413960879
ipAddress: 185.9.156.198
lastlocation:
  world: world
  x: -101.02646802530029
  y: 100.0625
  z: -419.49353718319264
  yaw: -269.65494
  pitch: 1.927168
money: '500.0'
logoutlocation:
  world: world
  x: -145.9234671025481
  y: 96.0
  z: -392.5416112134589
  yaw: -58.87202
  pitch: 30.385252
