lastAccountName: LeqendFurkan31
timestamps:
  login: 1580842661316
  logout: 1580842664131
  lastteleport: 1580498757298
ipAddress: 185.9.156.198
lastlocation:
  world: world
  x: -114.12131176656406
  y: 96.0
  z: -419.56770361076104
  yaw: -105.30426
  pitch: -6.297723
money: '500.0'
logoutlocation:
  world: world
  x: -106.08388844123895
  y: 100.0625
  z: -417.11746846715107
  yaw: -113.73462
  pitch: 18.171295
