lastAccountName: MyMindCube
timestamps:
  login: 1580835955884
  logout: 1580837285405
ipAddress: 185.9.156.198
lastlocation:
  world: world
  x: -101.02646802530029
  y: 100.0625
  z: -419.49353718319264
  yaw: -269.65494
  pitch: 1.927168
money: '500.0'
logoutlocation:
  world: world
  x: -122.28330920020869
  y: 96.0
  z: -423.7705971679623
  yaw: -22.59616
  pitch: 11.276342
