lastAccountName: AtomicBlizzard
timestamps:
  login: 1580841444591
  logout: 1580841510282
ipAddress: 185.9.156.198
lastlocation:
  world: world
  x: -101.02646802530029
  y: 100.0625
  z: -419.49353718319264
  yaw: -269.65494
  pitch: 1.927168
logoutlocation:
  world: world
  x: -149.6956704482145
  y: 97.0
  z: -406.0962607000486
  yaw: -269.65494
  pitch: 1.927168
