lastAccountName: Mataweones_
timestamps:
  login: 1580396586406
  logout: 1580397008253
ipAddress: 185.9.156.198
lastlocation:
  world: world
  x: -101.02646802530029
  y: 100.0625
  z: -419.49353718319264
  yaw: -269.65494
  pitch: 1.927168
money: '500.0'
logoutlocation:
  world: world
  x: -130.165113761788
  y: 95.0
  z: -418.1335877142394
  yaw: -269.05972
  pitch: 1.0535679
