lastAccountName: efekan34
timestamps:
  login: 1580898174693
  logout: 1580898383653
ipAddress: 185.9.156.198
lastlocation:
  world: world
  x: -107.5074584646781
  y: 100.0625
  z: -419.5074039283718
  yaw: -336.7341
  pitch: 16.180487
money: '500.0'
logoutlocation:
  world: world
  x: -105.95597175226465
  y: 100.0625
  z: -419.32891231565367
  yaw: -269.42496
  pitch: 7.020232
