lastAccountName: V4B1SKR4L
timestamps:
  login: 1543251950390
  logout: 1543252183756
  lastteleport: 1543252180661
  mute: 0
ipAddress: 37.123.99.198
money: '100.0'
logoutlocation:
  world: world
  x: -7700.5
  y: 154.0
  z: -8013.5
  yaw: 229.81412
  pitch: 2.6624117
lastlocation:
  world: world
  x: -7677.337236879616
  y: 15.130266742359625
  z: -7905.296540417019
  yaw: 4.5635495
  pitch: -8.16152
afk: false
muted: false
