lastAccountName: Mikkauro
timestamps:
  login: 1580464658936
  logout: 1580464993192
ipAddress: 185.9.156.198
lastlocation:
  world: world
  x: -101.02646802530029
  y: 100.0625
  z: -419.49353718319264
  yaw: -269.65494
  pitch: 1.927168
money: '500.0'
logoutlocation:
  world: world
  x: -121.84469008906824
  y: 96.0
  z: -421.3551867107611
  yaw: -245.50493
  pitch: 2.9771686
