lastAccountName: aga2016
timestamps:
  login: 1543313916636
  logout: 1543314249404
ipAddress: 37.123.99.198
lastlocation:
  world: world
  x: 190.0
  y: 64.0
  z: 335.0
  yaw: 0.0
  pitch: 0.0
money: '100.0'
logoutlocation:
  world: world
  x: -7680.373186947803
  y: 88.0
  z: -8053.152728710937
  yaw: -113.38583
  pitch: 90.0
