lastAccountName: BarisHazretleri
timestamps:
  login: 1580665423960
  logout: 1580665806710
ipAddress: 185.9.156.198
lastlocation:
  world: world
  x: -101.02646802530029
  y: 100.0625
  z: -419.49353718319264
  yaw: -269.65494
  pitch: 1.927168
money: '500.0'
logoutlocation:
  world: world
  x: -109.74640917233485
  y: 100.0
  z: -418.622386612043
  yaw: -22.022675
  pitch: 19.095644
