lastAccountName: asdfghjk
timestamps:
  login: 1580668257377
  logout: 1580668259289
ipAddress: 185.9.156.198
lastlocation:
  world: world
  x: -101.02646802530029
  y: 100.0625
  z: -419.49353718319264
  yaw: -269.65494
  pitch: 1.927168
logoutlocation:
  world: world
  x: -105.21617993913179
  y: 100.0
  z: -419.5072100830439
  yaw: -269.65494
  pitch: 1.927168
