lastAccountName: ItsMeShadowFlame
timestamps:
  login: 1580314567062
  logout: 1580314839141
ipAddress: 185.9.156.198
lastlocation:
  world: world
  x: -101.02646802530029
  y: 100.0625
  z: -419.49353718319264
  yaw: -269.65494
  pitch: 1.927168
money: '500.0'
logoutlocation:
  world: world
  x: -150.05800096660477
  y: 97.0
  z: -417.0907090299131
  yaw: -187.62776
  pitch: 17.73965
