lastAccountName: efekaan13
timestamps:
  login: 1543602892288
  logout: 1543602920397
ipAddress: 37.123.99.198
lastlocation:
  world: world
  x: 190.0
  y: 64.0
  z: 335.0
  yaw: 0.0
  pitch: 0.0
logoutlocation:
  world: world
  x: -7698.577406746777
  y: 154.0
  z: -8012.931114503113
  yaw: 258.74997
  pitch: 13.799999
