lastAccountName: AnakinXD
timestamps:
  login: 1580734850179
  logout: 1580735340805
ipAddress: 185.9.156.198
lastlocation:
  world: world
  x: -101.02646802530029
  y: 100.0625
  z: -419.49353718319264
  yaw: -269.65494
  pitch: 1.927168
money: '500.0'
logoutlocation:
  world: world
  x: -131.10619412035393
  y: 96.0
  z: -420.123411375565
  yaw: 94.962585
  pitch: 38.15518
