lastAccountName: NASIBOFFWINNER
timestamps:
  login: 1580890763186
  logout: 1580891187043
ipAddress: 185.9.156.198
lastlocation:
  world: world
  x: -101.02646802530029
  y: 100.0625
  z: -419.49353718319264
  yaw: -269.65494
  pitch: 1.927168
money: '500.0'
logoutlocation:
  world: world
  x: -147.69999998807904
  y: 97.0
  z: -403.57259571077736
  yaw: 139.31267
  pitch: 37.21371
