lastAccountName: SolaiYT_YOUTUBE
timestamps:
  login: 1580389843179
  logout: 1580390355217
ipAddress: 185.9.156.198
lastlocation:
  world: world
  x: -101.02646802530029
  y: 100.0625
  z: -419.49353718319264
  yaw: -269.65494
  pitch: 1.927168
money: '500.0'
logoutlocation:
  world: world
  x: -108.41514721460658
  y: 100.0
  z: -419.3873693711819
  yaw: -277.94928
  pitch: 5.8730016
