lastAccountName: GamesFreak
timestamps:
  login: 1580852498943
  logout: 1580852502152
ipAddress: 185.9.156.198
lastlocation:
  world: world
  x: -101.02646802530029
  y: 100.0625
  z: -419.49353718319264
  yaw: -269.65494
  pitch: 1.927168
money: '500.0'
logoutlocation:
  world: world
  x: -101.33699596578982
  y: 100.0
  z: -419.49434897192634
  yaw: -269.65494
  pitch: 1.927168
