lastAccountName: Bleach2Go
timestamps:
  login: 1580325605341
  logout: 1580325650740
ipAddress: 185.9.156.198
lastlocation:
  world: world
  x: -101.02646802530029
  y: 100.0625
  z: -419.49353718319264
  yaw: -269.65494
  pitch: 1.927168
logoutlocation:
  world: world
  x: -137.64264205974138
  y: 96.0
  z: -425.95248576482743
  yaw: -358.32285
  pitch: -0.3279792
