lastAccountName: Rojo
timestamps:
  login: 1580210867764
  logout: 1580211396335
ipAddress: 185.9.156.198
lastlocation:
  world: world
  x: -101.02646802530029
  y: 100.0625
  z: -419.49353718319264
  yaw: -269.65494
  pitch: 1.927168
money: '500.0'
logoutlocation:
  world: world
  x: -144.5300988762371
  y: 100.0
  z: -419.57738276893065
  yaw: -90.40495
  pitch: 1.7999927
