lastAccountName: keyxxl
timestamps:
  login: 1580749815119
  logout: 1580750285297
ipAddress: 185.9.156.198
lastlocation:
  world: world
  x: -101.02646802530029
  y: 100.0625
  z: -419.49353718319264
  yaw: -269.65494
  pitch: 1.927168
money: '500.0'
logoutlocation:
  world: world
  x: -138.89017888173083
  y: 96.0625
  z: -414.6920529863404
  yaw: -93.43961
  pitch: 87.40305
