lastAccountName: TahaRG
timestamps:
  login: 1580299667852
  logout: 1580299767254
ipAddress: 185.9.156.198
lastlocation:
  world: world
  x: -101.02646802530029
  y: 100.0625
  z: -419.49353718319264
  yaw: -269.65494
  pitch: 1.927168
logoutlocation:
  world: world
  x: -101.02646802530029
  y: 100.0625
  z: -419.49353718319264
  yaw: -273.9024
  pitch: 5.3001146
money: '500.0'
