lastAccountName: Canerr
timestamps:
  login: 1580841339552
  logout: 1580842133871
ipAddress: 185.9.156.198
lastlocation:
  world: world
  x: -101.02646802530029
  y: 100.0625
  z: -419.49353718319264
  yaw: -269.65494
  pitch: 1.927168
money: '500.0'
logoutlocation:
  world: world
  x: -113.53608347508326
  y: 104.5
  z: -407.79728819926817
  yaw: -240.75726
  pitch: 30.61204
