lastAccountName: oAYAZo
timestamps:
  login: 1580903757107
  logout: 1580903974762
ipAddress: 185.9.156.198
lastlocation:
  world: world
  x: -101.02646802530029
  y: 100.0625
  z: -419.49353718319264
  yaw: -269.65494
  pitch: 1.927168
logoutlocation:
  world: world
  x: -115.20389242019124
  y: 96.0
  z: -416.5881054982746
  yaw: -252.19148
  pitch: 13.731282
money: '500.0'
