lastAccountName: BirhatOfficialYT
timestamps:
  login: 1580556170361
  logout: 1580556278666
ipAddress: 185.9.156.198
lastlocation:
  world: world
  x: -101.02646802530029
  y: 100.0625
  z: -419.49353718319264
  yaw: -269.65494
  pitch: 1.927168
money: '500.0'
logoutlocation:
  world: world
  x: -133.3850035142774
  y: 96.0
  z: -411.01306700782965
  yaw: -283.20203
  pitch: -0.49364346
