lastAccountName: KilaZucchiniAndy
timestamps:
  login: 1580359340935
  logout: 1580359636414
ipAddress: 185.9.156.198
lastlocation:
  world: world
  x: -101.02646802530029
  y: 100.0625
  z: -419.49353718319264
  yaw: -269.65494
  pitch: 1.927168
money: '500.0'
logoutlocation:
  world: KitEdit
  x: 158.46665965810143
  y: 172.0
  z: -60.960978538646614
  yaw: 72.65311
  pitch: 15.351592
