lastAccountName: AltuYumusakG
timestamps:
  login: 1670424029643
  logout: 1670425415756
ipAddress: 212.253.220.29
lastlocation:
  world: world
  x: -101.02646802530029
  y: 100.0625
  z: -419.49353718319264
  yaw: -269.65494
  pitch: 1.927168
money: '500.0'
logoutlocation:
  world: world
  x: -91.12475688239275
  y: 101.0
  z: -422.12018040377615
  yaw: 182.24268
  pitch: 42.565926
