lastAccountName: AsSuBaY1
timestamps:
  login: 1580295372046
  logout: 1580295458815
ipAddress: 185.9.156.198
lastlocation:
  world: world
  x: -101.02646802530029
  y: 100.0625
  z: -419.49353718319264
  yaw: -269.65494
  pitch: 1.927168
money: '500.0'
logoutlocation:
  world: world
  x: -91.53854490879382
  y: 100.0
  z: -412.2144707537711
  yaw: -194.72621
  pitch: 25.864014
