lastAccountName: _Coldman_
timestamps:
  login: 1580414854889
  logout: 1580414875698
ipAddress: 185.9.156.198
lastlocation:
  world: world
  x: -101.02646802530029
  y: 100.0625
  z: -419.49353718319264
  yaw: -269.65494
  pitch: 1.927168
money: '500.0'
logoutlocation:
  world: world
  x: -131.04268825585856
  y: 96.0
  z: -419.98896438678605
  yaw: -38.00757
  pitch: 16.68667
