lastAccountName: ITheScazy
timestamps:
  login: 1543582727579
  logout: 1543582730736
ipAddress: 37.123.99.198
lastlocation:
  world: world
  x: 190.0
  y: 64.0
  z: 335.0
  yaw: 0.0
  pitch: 0.0
logoutlocation:
  world: world
  x: -7700.542159704895
  y: 154.0
  z: -8014.905428181278
  yaw: 239.09998
  pitch: 20.099998
