lastAccountName: hackMas
timestamps:
  login: 1543338637625
  logout: 1543338726025
ipAddress: 37.123.99.198
lastlocation:
  world: world
  x: 190.0
  y: 64.0
  z: 335.0
  yaw: 0.0
  pitch: 0.0
logoutlocation:
  world: world
  x: -7695.184993192918
  y: 92.0
  z: -8013.4301848505875
  yaw: 9.014557
  pitch: 72.75
