lastAccountName: SudeNur_20
timestamps:
  login: 1543662144044
  logout: 1543662148687
ipAddress: 37.123.99.198
lastlocation:
  world: world
  x: 190.0
  y: 64.0
  z: 335.0
  yaw: 0.0
  pitch: 0.0
logoutlocation:
  world: world
  x: -7696.814095515302
  y: 153.0
  z: -8015.210858724127
  yaw: -118.49792
  pitch: 38.676403
