lastAccountName: iKayra
timestamps:
  login: 1580482580871
  logout: 1580482789776
ipAddress: 185.9.156.198
lastlocation:
  world: world
  x: -101.02646802530029
  y: 100.0625
  z: -419.49353718319264
  yaw: -269.65494
  pitch: 1.927168
money: '500.0'
logoutlocation:
  world: world
  x: -135.77703318660647
  y: 96.0
  z: -407.8943562469741
  yaw: -174.17186
  pitch: 20.399965
