lastAccountName: Sikintisiz
timestamps:
  login: 1580509262943
  logout: 1580509302090
ipAddress: 185.9.156.198
lastlocation:
  world: world
  x: -140.5603060161685
  y: 96.0
  z: -427.1786742209055
  yaw: 298.09488
  pitch: 15.427172
money: '500.0'
logoutlocation:
  world: world
  x: -141.163691434543
  y: 96.0
  z: -419.5444354199609
  yaw: -269.80493
  pitch: 2.977168
