lastAccountName: pisagorteor
timestamps:
  login: 1580220555021
  logout: 1580221461098
ipAddress: 185.9.156.198
lastlocation:
  world: world
  x: -101.02646802530029
  y: 100.0625
  z: -419.49353718319264
  yaw: -269.65494
  pitch: 1.927168
money: '500.0'
logoutlocation:
  world: world
  x: -105.29821639618099
  y: 100.0
  z: -420.01140270207253
  yaw: -287.6461
  pitch: 8.426611
