lastAccountName: Tamucan
timestamps:
  login: 1580553980118
  logout: 1580554385193
ipAddress: 185.9.156.198
lastlocation:
  world: world
  x: -101.02646802530029
  y: 100.0625
  z: -419.49353718319264
  yaw: -269.65494
  pitch: 1.927168
logoutlocation:
  world: world
  x: -132.66554825790996
  y: 96.0
  z: -416.0624784743041
  yaw: -59.05491
  pitch: 16.327175
money: '500.0'
