lastAccountName: EnesWinner55
timestamps:
  login: 1580375321059
  logout: 1580375409426
ipAddress: 185.9.156.198
lastlocation:
  world: world
  x: -101.02646802530029
  y: 100.0625
  z: -419.49353718319264
  yaw: -269.65494
  pitch: 1.927168
money: '500.0'
logoutlocation:
  world: world
  x: -132.33528978867054
  y: 96.0
  z: -424.1314625258695
  yaw: -226.45541
  pitch: 48.90001
