lastAccountName: Teas14
timestamps:
  login: 1580595232909
  logout: 1580595235068
ipAddress: 185.9.156.198
lastlocation:
  world: world
  x: -101.02646802530029
  y: 100.0625
  z: -419.49353718319264
  yaw: -269.65494
  pitch: 1.927168
money: '500.0'
logoutlocation:
  world: world
  x: -103.19040905193715
  y: 100.0
  z: -419.49249333760883
  yaw: -270.2394
  pitch: 0.7582424
