lastAccountName: niyazikerem
timestamps:
  login: 1580806634309
  logout: 1580806639427
ipAddress: 185.9.156.198
lastlocation:
  world: world
  x: -101.02646802530029
  y: 100.0625
  z: -419.49353718319264
  yaw: -269.65494
  pitch: 1.927168
money: '500.0'
logoutlocation:
  world: world
  x: -109.45719087880083
  y: 100.0
  z: -419.530149785027
  yaw: -269.3213
  pitch: 12.737254
