lastAccountName: EmirhanOffical67
timestamps:
  login: 1580340885883
  logout: 1580341113828
ipAddress: 185.9.156.198
lastlocation:
  world: world
  x: -101.02646802530029
  y: 100.0625
  z: -419.49353718319264
  yaw: -269.65494
  pitch: 1.927168
money: '500.0'
logoutlocation:
  world: world
  x: -105.63781588208637
  y: 100.0
  z: -419.499622616113
  yaw: -269.65494
  pitch: 1.927168
