lastAccountName: MertDF
timestamps:
  login: 1543603899492
  logout: 1543604027124
ipAddress: 37.123.99.198
lastlocation:
  world: world
  x: 190.0
  y: 64.0
  z: 335.0
  yaw: 0.0
  pitch: 0.0
money: '100.0'
logoutlocation:
  world: world
  x: -7686.25145422807
  y: 89.0
  z: -7965.362599273714
  yaw: -33.13507
  pitch: 38.65627
