lastAccountName: Ugur51
timestamps:
  login: 1543232816177
  logout: 1543233756375
ipAddress: 37.123.99.198
lastlocation:
  world: world
  x: 190.0
  y: 64.0
  z: 335.0
  yaw: 0.0
  pitch: 0.0
money: '100.0'
logoutlocation:
  world: world
  x: -7652.723832233823
  y: 152.0625
  z: -8084.935950701741
  yaw: 296.94678
  pitch: 36.248444
