lastAccountName: sedata58
timestamps:
  login: 1580671451923
  logout: 1580673800735
ipAddress: 185.9.156.198
lastlocation:
  world: world
  x: -101.02646802530029
  y: 100.0625
  z: -419.49353718319264
  yaw: -269.65494
  pitch: 1.927168
money: '500.0'
logoutlocation:
  world: world
  x: -141.36682346447304
  y: 96.0
  z: -420.4849371095604
  yaw: -153.42044
  pitch: -1.7922592
