lastAccountName: _KelfiShadow_
timestamps:
  login: 1580318471241
  logout: 1580318607465
ipAddress: 185.9.156.198
lastlocation:
  world: world
  x: -101.02646802530029
  y: 100.0625
  z: -419.49353718319264
  yaw: -269.65494
  pitch: 1.927168
logoutlocation:
  world: world
  x: -102.17473128994916
  y: 100.0
  z: -419.53774383549285
  yaw: -286.30496
  pitch: 27.577166
money: '500.0'
