lastAccountName: ImHattyBeaR
timestamps:
  login: 1580463575398
  logout: 1580464704895
ipAddress: 185.9.156.198
lastlocation:
  world: world
  x: -101.02646802530029
  y: 100.0625
  z: -419.49353718319264
  yaw: -269.65494
  pitch: 1.927168
logoutlocation:
  world: world
  x: -101.02646802530029
  y: 100.0625
  z: -419.49353718319264
  yaw: -269.05493
  pitch: 1.477168
money: '500.0'
