lastAccountName: Ben123456789
timestamps:
  login: 1580583455800
  logout: 1580583934598
ipAddress: 185.9.156.198
lastlocation:
  world: world
  x: -101.02646802530029
  y: 100.0625
  z: -419.49353718319264
  yaw: -269.65494
  pitch: 1.927168
money: '500.0'
logoutlocation:
  world: world
  x: -131.91932026170855
  y: 96.0
  z: -421.17962029738464
  yaw: -149.50507
  pitch: 14.0771675
