lastAccountName: BanaNoobDaddy
timestamps:
  login: 1580563345065
  logout: 1580564104538
ipAddress: 185.9.156.198
lastlocation:
  world: world
  x: -101.02646802530029
  y: 100.0625
  z: -419.49353718319264
  yaw: -269.65494
  pitch: 1.927168
money: '500.0'
logoutlocation:
  world: world
  x: -126.47164744346331
  y: 96.0
  z: -425.8857377878577
  yaw: -164.05121
  pitch: 7.644194
