lastAccountName: apo33
timestamps:
  login: 1580472721181
  logout: 1580473356595
ipAddress: 185.9.156.198
lastlocation:
  world: world
  x: -101.02646802530029
  y: 100.0625
  z: -419.49353718319264
  yaw: -269.65494
  pitch: 1.927168
money: '500.0'
logoutlocation:
  world: world
  x: -141.3576815456522
  y: 97.0
  z: -408.0713784264898
  yaw: -359.95477
  pitch: 5.0771666
