lastAccountName: S4LT4N4T
timestamps:
  login: 1580242114569
  logout: 1580242240838
ipAddress: 185.9.156.198
lastlocation:
  world: world
  x: -101.02646802530029
  y: 100.0625
  z: -419.49353718319264
  yaw: -269.65494
  pitch: 1.927168
logoutlocation:
  world: world
  x: -153.81846661054269
  y: 97.0
  z: -412.7503715792823
  yaw: -113.47401
  pitch: 1.5135875
money: '500.0'
