lastAccountName: ALERT360
timestamps:
  login: 1580734942574
  logout: 1580735082569
ipAddress: 185.9.156.198
lastlocation:
  world: world
  x: -101.02646802530029
  y: 100.0625
  z: -419.49353718319264
  yaw: -269.65494
  pitch: 1.927168
money: '500.0'
logoutlocation:
  world: world
  x: -129.74940526674163
  y: 96.5
  z: -434.2638953062411
  yaw: -235.21512
  pitch: 10.537122
