lastAccountName: FakeEmreYT
timestamps:
  login: 1580664299085
  logout: 1580665804208
ipAddress: 185.9.156.198
lastlocation:
  world: world
  x: -101.02646802530029
  y: 100.0625
  z: -419.49353718319264
  yaw: -269.65494
  pitch: 1.927168
money: '500.0'
logoutlocation:
  world: world
  x: -109.11471988198186
  y: 102.0
  z: -416.30000001192093
  yaw: -176.10304
  pitch: 22.396746
