lastAccountName: OhMila
timestamps:
  login: 1580391583701
  logout: 1580392539583
ipAddress: 185.9.156.198
lastlocation:
  world: world
  x: -101.02646802530029
  y: 100.0625
  z: -419.49353718319264
  yaw: -269.65494
  pitch: 1.927168
money: '500.0'
logoutlocation:
  world: world
  x: -136.2188478158109
  y: 96.0
  z: -419.1780726955031
  yaw: -32.654877
  pitch: 19.65
