lastAccountName: xMrAypar31
timestamps:
  login: 1580296646972
  logout: 1580298394837
ipAddress: 185.9.156.198
lastlocation:
  world: world
  x: -101.02646802530029
  y: 100.0625
  z: -419.49353718319264
  yaw: -269.65494
  pitch: 1.927168
money: '500.0'
logoutlocation:
  world: world
  x: -110.85942014788918
  y: 100.0
  z: -419.1562560476614
  yaw: -102.40493
  pitch: 10.92717
