lastAccountName: TROyuncu
timestamps:
  login: 1580895372623
  logout: 1580895385536
ipAddress: 185.9.156.198
lastlocation:
  world: world
  x: -101.02646802530029
  y: 100.0625
  z: -419.49353718319264
  yaw: -269.65494
  pitch: 1.927168
money: '500.0'
logoutlocation:
  world: world
  x: -120.80797598641749
  y: 96.0
  z: -419.9972561741141
  yaw: -288.7049
  pitch: 8.8271675
