lastAccountName: iBlueMoon
timestamps:
  login: 1580588760175
  logout: 1580588762422
ipAddress: 185.9.156.198
lastlocation:
  world: world
  x: -101.02646802530029
  y: 100.0625
  z: -419.49353718319264
  yaw: -269.65494
  pitch: 1.927168
logoutlocation:
  world: world
  x: -108.91065049124819
  y: 100.0
  z: -419.22326882088777
  yaw: -271.8656
  pitch: 2.7074175
money: '500.0'
