lastAccountName: Hacker_Kings
timestamps:
  login: 1580494686161
  logout: 1580495085998
ipAddress: 185.9.156.198
lastlocation:
  world: world
  x: -101.02646802530029
  y: 100.0625
  z: -419.49353718319264
  yaw: -269.65494
  pitch: 1.927168
logoutlocation:
  world: world
  x: -149.33567775573465
  y: 96.0
  z: -422.79634470867524
  yaw: 134.53604
  pitch: 21.663057
money: '500.0'
