lastAccountName: Diarisia
timestamps:
  login: 1580238735290
  logout: 1580238847043
ipAddress: 185.9.156.198
lastlocation:
  world: world
  x: -101.02646802530029
  y: 100.0625
  z: -419.49353718319264
  yaw: -269.65494
  pitch: 1.927168
logoutlocation:
  world: world
  x: -117.53932889032407
  y: 96.0
  z: -432.3834744422996
  yaw: -161.95404
  pitch: 15.899956
