lastAccountName: N4rkoz_
timestamps:
  login: 1580403750032
  logout: 1580403790626
ipAddress: 185.9.156.198
lastlocation:
  world: world
  x: -101.02646802530029
  y: 100.0625
  z: -419.49353718319264
  yaw: -269.65494
  pitch: 1.927168
logoutlocation:
  world: world
  x: -133.3757496746832
  y: 98.0
  z: -442.2221552553508
  yaw: -146.05498
  pitch: 23.699999
