lastAccountName: KEREM28BABA
timestamps:
  login: 1580291566386
  logout: 1580292663926
ipAddress: 185.9.156.198
lastlocation:
  world: world
  x: -101.02646802530029
  y: 100.0625
  z: -419.49353718319264
  yaw: -269.65494
  pitch: 1.927168
money: '500.0'
logoutlocation:
  world: world
  x: -120.74774434554116
  y: 96.0
  z: -419.84945718890793
  yaw: -285.14966
  pitch: 11.041733
