lastAccountName: Hymenalous
timestamps:
  login: 1580849904160
  logout: 1580850061496
ipAddress: 185.9.156.198
lastlocation:
  world: world
  x: -101.02646802530029
  y: 100.0625
  z: -419.49353718319264
  yaw: -269.65494
  pitch: 1.927168
logoutlocation:
  world: world
  x: -113.4173207116581
  y: 96.0
  z: -428.7016583395547
  yaw: -113.955025
  pitch: 20.527178
