lastAccountName: iSeenseeY
timestamps:
  login: 1580571593408
  logout: 1580571705014
ipAddress: 185.9.156.198
lastlocation:
  world: world
  x: -101.02646802530029
  y: 100.0625
  z: -419.49353718319264
  yaw: -269.65494
  pitch: 1.927168
logoutlocation:
  world: world
  x: -128.68709027163024
  y: 96.015625
  z: -419.68909640605773
  yaw: -173.12486
  pitch: 17.134869
