lastAccountName: NkjliyzDragon
timestamps:
  login: 1580300235257
  logout: 1580300322604
ipAddress: 185.9.156.198
lastlocation:
  world: world
  x: -101.02646802530029
  y: 100.0625
  z: -419.49353718319264
  yaw: -269.65494
  pitch: 1.927168
logoutlocation:
  world: world
  x: -117.07384167926585
  y: 96.0
  z: -421.8633772554262
  yaw: -4.415222
  pitch: -11.877214
money: '500.0'
