lastAccountName: Darknesz_Unity
timestamps:
  login: 1580739423572
  logout: 1580739447232
ipAddress: 185.9.156.198
lastlocation:
  world: world
  x: -101.02646802530029
  y: 100.0625
  z: -419.49353718319264
  yaw: -269.65494
  pitch: 1.927168
logoutlocation:
  world: world
  x: -114.95708272887155
  y: 96.0625
  z: -422.38483333335074
  yaw: -234.50989
  pitch: 3.1987948
