lastAccountName: yusufokdem
timestamps:
  login: 1580903172074
  logout: 1580903365646
ipAddress: 185.9.156.198
lastlocation:
  world: world
  x: -101.02646802530029
  y: 100.0625
  z: -419.49353718319264
  yaw: -269.65494
  pitch: 1.927168
money: '500.0'
logoutlocation:
  world: world
  x: -128.2772032600369
  y: 96.015625
  z: -419.7149658336531
  yaw: -267.60043
  pitch: 3.8951674
