lastAccountName: LegendArrowTR
timestamps:
  login: 1580470628765
  logout: 1580470844374
ipAddress: 185.9.156.198
lastlocation:
  world: world
  x: -101.02646802530029
  y: 100.0625
  z: -419.49353718319264
  yaw: -269.65494
  pitch: 1.927168
money: '500.0'
logoutlocation:
  world: world
  x: -111.04514575814588
  y: 100.0
  z: -419.4991907440618
  yaw: -281.3166
  pitch: 7.125153
