lastAccountName: Ayran
timestamps:
  login: 1580657878898
  logout: 1580658059744
ipAddress: 185.9.156.198
lastlocation:
  world: world
  x: -101.02646802530029
  y: 100.0625
  z: -419.49353718319264
  yaw: -269.65494
  pitch: 1.927168
money: '500.0'
logoutlocation:
  world: world
  x: -129.2744176803992
  y: 97.0
  z: -437.1173093482717
  yaw: -292.76984
  pitch: 35.239494
