lastAccountName: _SelcukKasim_
timestamps:
  login: 1580215986483
  logout: 1580216810649
ipAddress: 185.9.156.198
lastlocation:
  world: world
  x: -101.02646802530029
  y: 100.0625
  z: -419.49353718319264
  yaw: -269.65494
  pitch: 1.927168
logoutlocation:
  world: world
  x: -116.68742282157524
  y: 96.0
  z: -417.48697797056406
  yaw: -89.57169
  pitch: 8.745091
money: '500.0'
