lastAccountName: zEgeStrqfe
timestamps:
  login: 1580294600459
  logout: 1580294922693
ipAddress: 185.9.156.198
lastlocation:
  world: world
  x: -101.02646802530029
  y: 100.0625
  z: -419.49353718319264
  yaw: -269.65494
  pitch: 1.927168
money: '500.0'
logoutlocation:
  world: world
  x: -128.9593391380982
  y: 96.0
  z: -424.54193239117996
  yaw: 14.320311
  pitch: 0.96886927
