lastAccountName: oE3oLU5ABuEyCb
timestamps:
  login: 1580760215468
  logout: 1580760232526
ipAddress: 185.9.156.198
lastlocation:
  world: world
  x: -101.02646802530029
  y: 100.0625
  z: -419.49353718319264
  yaw: -269.65494
  pitch: 1.927168
logoutlocation:
  world: world
  x: -120.37365925037939
  y: 96.0
  z: -419.5193227192541
  yaw: -269.65494
  pitch: 1.927168
