lastAccountName: LegendFurkan31
timestamps:
  login: 1580671491450
  logout: 1580672046279
  lastteleport: 1580640077953
ipAddress: 185.9.156.198
lastlocation:
  world: world
  x: -133.8322315633788
  y: 97.0
  z: -436.72959592538706
  yaw: 185.18066
  pitch: 14.264472
money: '500.0'
logoutlocation:
  world: world
  x: -103.49423540607937
  y: 100.0625
  z: -417.81028793150267
  yaw: -269.65488
  pitch: 5.936794
