lastAccountName: wqrt
timestamps:
  login: 1543330835558
  logout: 1543330891744
ipAddress: 37.123.99.198
lastlocation:
  world: world
  x: 190.0
  y: 64.0
  z: 335.0
  yaw: 0.0
  pitch: 0.0
money: '100.0'
logoutlocation:
  world: world
  x: -7676.02654396529
  y: 88.0
  z: -8011.5942119874135
  yaw: 118.5325
  pitch: 13.325421
