lastAccountName: X_ToasT
timestamps:
  login: 1580391728147
  logout: 1580392052486
ipAddress: 185.9.156.198
lastlocation:
  world: world
  x: -101.02646802530029
  y: 100.0625
  z: -419.49353718319264
  yaw: -269.65494
  pitch: 1.927168
money: '500.0'
logoutlocation:
  world: world
  x: -141.74520724751451
  y: 96.0
  z: -423.0360307792879
  yaw: 50.318146
  pitch: 17.889627
