lastAccountName: xhasslex
timestamps:
  login: 1580736544982
  logout: 1580736636710
ipAddress: 185.9.156.198
lastlocation:
  world: world
  x: -101.02646802530029
  y: 100.0625
  z: -419.49353718319264
  yaw: -269.65494
  pitch: 1.927168
logoutlocation:
  world: world
  x: -101.02646802530029
  y: 100.0625
  z: -419.49353718319264
  yaw: -270.34464
  pitch: 0.61674464
money: '500.0'
