lastAccountName: xiErenGrief
timestamps:
  login: 1580755513436
  logout: 1580755556066
ipAddress: 185.9.156.198
lastlocation:
  world: world
  x: -101.02646802530029
  y: 100.0625
  z: -419.49353718319264
  yaw: -269.65494
  pitch: 1.927168
money: '500.0'
logoutlocation:
  world: world
  x: -142.59607779918528
  y: 97.0
  z: -401.81715139477006
  yaw: -221.65485
  pitch: 31.477182
