lastAccountName: _QueenBmo_
timestamps:
  login: 1580750394202
  logout: 1580750837186
ipAddress: 185.9.156.198
lastlocation:
  world: world
  x: -101.02646802530029
  y: 100.0625
  z: -419.49353718319264
  yaw: -269.65494
  pitch: 1.927168
money: '500.0'
logoutlocation:
  world: world
  x: -122.03331398444956
  y: 96.0
  z: -424.97734118921363
  yaw: -246.16911
  pitch: 13.919864
