lastAccountName: karmakafalar
timestamps:
  login: 1580905985276
  logout: 1580906038473
ipAddress: 185.9.156.198
lastlocation:
  world: world
  x: -101.02646802530029
  y: 100.0625
  z: -419.49353718319264
  yaw: -269.65494
  pitch: 1.927168
money: '500.0'
logoutlocation:
  world: world
  x: -128.75223754466708
  y: 96.0
  z: -426.052078060037
  yaw: -241.1269
  pitch: 17.736202
