lastAccountName: MBElshimoroYT
timestamps:
  login: 1580897147696
  logout: 1580897235513
  lastteleport: 1580494465512
ipAddress: 185.9.156.198
lastlocation:
  world: world
  x: -103.70077773852456
  y: 100.0625
  z: -420.4847008130873
  yaw: -2.175354
  pitch: 11.863321
money: '500.0'
logoutlocation:
  world: world
  x: -99.20077294633666
  y: 100.0625
  z: -418.2693502298077
  yaw: 53.654182
  pitch: -2.4550548
