lastAccountName: macixx
timestamps:
  login: 1580483124801
  logout: 1580483462286
ipAddress: 185.9.156.198
lastlocation:
  world: world
  x: -101.02646802530029
  y: 100.0625
  z: -419.49353718319264
  yaw: -269.65494
  pitch: 1.927168
money: '500.0'
logoutlocation:
  world: world
  x: -124.6694672162562
  y: 96.0
  z: -423.4109850476853
  yaw: 104.68089
  pitch: 15.440805
