lastAccountName: MuhammedBurakTR
timestamps:
  login: 1580210118665
  logout: 1580210282198
ipAddress: 185.9.156.198
lastlocation:
  world: world
  x: -101.02646802530029
  y: 100.0625
  z: -419.49353718319264
  yaw: -269.65494
  pitch: 1.927168
money: '500.0'
logoutlocation:
  world: world
  x: -131.87776429199943
  y: 99.0
  z: -366.7408496277159
  yaw: -40.890137
  pitch: 18.956093
