lastAccountName: Cleyz
timestamps:
  login: 1580470373784
  logout: 1580470404935
ipAddress: 185.9.156.198
lastlocation:
  world: world
  x: -101.02646802530029
  y: 100.0625
  z: -419.49353718319264
  yaw: -269.65494
  pitch: 1.927168
logoutlocation:
  world: world
  x: -146.53725697703157
  y: 97.0
  z: -407.8451541263742
  yaw: 57.224117
  pitch: -7.482518
