lastAccountName: AniFTW_
timestamps:
  login: 1543686281704
  logout: 1543686494150
  lastteleport: 1543683959334
ipAddress: 37.123.99.198
lastlocation:
  world: world
  x: -7676.991508529108
  y: 43.22909575276473
  z: -8073.979928930722
  yaw: 300.76404
  pitch: 42.599995
money: '100.0'
logoutlocation:
  world: world
  x: -7656.391997978108
  y: -37.909502130664606
  z: -8071.679179513811
  yaw: 224.2514
  pitch: -90.0
