lastAccountName: TheAghayevhh
timestamps:
  login: 1580662212257
  logout: 1580662232483
  lastteleport: 1580424012955
ipAddress: 185.9.156.198
lastlocation:
  world: KitEdit
  x: 164.879853996075
  y: 125.10408037809304
  z: 1442.1264806958693
  yaw: -11.007063
  pitch: 16.524
logoutlocation:
  world: world
  x: -130.57138518358897
  y: 96.0
  z: -420.4759969594606
  yaw: -173.20467
  pitch: 19.92716
money: '500.0'
