lastAccountName: xBugraTR
timestamps:
  login: 1580551976847
  logout: 1580552712028
ipAddress: 185.9.156.198
lastlocation:
  world: world
  x: -101.02646802530029
  y: 100.0625
  z: -419.49353718319264
  yaw: -269.65494
  pitch: 1.927168
money: '500.0'
logoutlocation:
  world: world
  x: -145.9560046003309
  y: 97.0
  z: -411.0344933496056
  yaw: -269.50494
  pitch: 0.127168
