lastAccountName: 123berat19
timestamps:
  login: 1580281270867
  logout: 1580281294319
ipAddress: 185.9.156.198
lastlocation:
  world: world
  x: -101.02646802530029
  y: 100.0625
  z: -419.49353718319264
  yaw: -269.65494
  pitch: 1.927168
money: '500.0'
logoutlocation:
  world: world
  x: -140.21332293937184
  y: 96.0
  z: -410.49914005244506
  yaw: -15.207764
  pitch: 33.83857
