lastAccountName: mania5
timestamps:
  login: 1580215022820
  logout: 1580215514777
ipAddress: 185.9.156.198
lastlocation:
  world: world
  x: -101.02646802530029
  y: 100.0625
  z: -419.49353718319264
  yaw: -269.65494
  pitch: 1.927168
money: '500.0'
logoutlocation:
  world: world
  x: -126.89802969392706
  y: 96.015625
  z: -416.07259819114427
  yaw: -265.00488
  pitch: 17.977167
