lastAccountName: iVeryHigh
timestamps:
  login: 1580256589688
  logout: 1580256687106
ipAddress: 185.9.156.198
lastlocation:
  world: world
  x: -101.02646802530029
  y: 100.0625
  z: -419.49353718319264
  yaw: -269.65494
  pitch: 1.927168
logoutlocation:
  world: arena
  x: -1050.1134453704087
  y: 116.0
  z: 1807.7829692796124
  yaw: -321.8452
  pitch: 8.858918
money: '500.0'
