lastAccountName: nathan818
timestamps:
  login: 1580423619963
  logout: 1580423886490
ipAddress: 185.9.156.198
lastlocation:
  world: arena
  x: -321.4998342297784
  y: 88.32428419037767
  z: 1841.7949173752106
  yaw: -1.7523466
  pitch: 1.8867924
money: '500.0'
logoutlocation:
  world: world
  x: -111.56217610202258
  y: 96.0
  z: -414.85053897198776
  yaw: -243.55511
  pitch: -27.300013
