lastAccountName: Lownely1
timestamps:
  login: 1580396631474
  logout: 1580397151615
ipAddress: 185.9.156.198
lastlocation:
  world: world
  x: -101.02646802530029
  y: 100.0625
  z: -419.49353718319264
  yaw: -269.65494
  pitch: 1.927168
money: '500.0'
logoutlocation:
  world: arena
  x: -6.384249105552762
  y: 105.0
  z: 1649.8551026214946
  yaw: -173.18578
  pitch: 16.021318
