lastAccountName: HzPartony
timestamps:
  login: 1580372103166
  logout: 1580372220207
ipAddress: 185.9.156.198
lastlocation:
  world: world
  x: -101.02646802530029
  y: 100.0625
  z: -419.49353718319264
  yaw: -269.65494
  pitch: 1.927168
money: '500.0'
logoutlocation:
  world: world
  x: -116.12582432638568
  y: 96.0
  z: -419.47502383267795
  yaw: -270.27167
  pitch: 2.338286
