lastAccountName: ganadalfdede
timestamps:
  login: 1580280691595
  logout: 1580281873203
ipAddress: 185.9.156.198
lastlocation:
  world: world
  x: -101.02646802530029
  y: 100.0625
  z: -419.49353718319264
  yaw: -269.65494
  pitch: 1.927168
money: '500.0'
logoutlocation:
  world: world
  x: -101.0270599464547
  y: 100.0625
  z: -419.2968658143949
  yaw: -268.5439
  pitch: 1.3716547
