lastAccountName: blackknight156
timestamps:
  login: 1580224377781
  logout: 1580224414220
ipAddress: 185.9.156.198
lastlocation:
  world: world
  x: -101.02646802530029
  y: 100.0625
  z: -419.49353718319264
  yaw: -269.65494
  pitch: 1.927168
logoutlocation:
  world: world
  x: -136.2421656984501
  y: 96.0
  z: -411.7233966425767
  yaw: -263.71344
  pitch: 12.587163
