lastAccountName: furkanxg
timestamps:
  login: 1580290209421
  logout: 1580290318421
ipAddress: 185.9.156.198
lastlocation:
  world: world
  x: -101.02646802530029
  y: 100.0625
  z: -419.49353718319264
  yaw: -269.65494
  pitch: 1.927168
money: '500.0'
logoutlocation:
  world: world
  x: -97.58585006740552
  y: 100.0
  z: -410.30000001192093
  yaw: -294.88562
  pitch: 18.560768
