lastAccountName: _LegendArrow_
timestamps:
  login: 1580396353675
  logout: 1580396359767
ipAddress: 185.9.156.198
lastlocation:
  world: world
  x: -101.02646802530029
  y: 100.0625
  z: -419.49353718319264
  yaw: -269.65494
  pitch: 1.927168
logoutlocation:
  world: world
  x: -107.37182064058159
  y: 100.8156999805212
  z: -419.0835417781701
  yaw: -268.63132
  pitch: 5.5828996
