lastAccountName: darklegion09
timestamps:
  login: 1580731450734
  logout: 1580731459935
ipAddress: 185.9.156.198
lastlocation:
  world: world
  x: -101.02646802530029
  y: 100.0625
  z: -419.49353718319264
  yaw: -269.65494
  pitch: 1.927168
money: '500.0'
logoutlocation:
  world: world
  x: -109.0936964441227
  y: 100.0
  z: -419.4661090130798
  yaw: -258.5832
  pitch: 15.717722
