lastAccountName: MRadem
timestamps:
  login: 1580236256541
  logout: 1580236858677
ipAddress: 185.9.156.198
lastlocation:
  world: world
  x: -101.02646802530029
  y: 100.0625
  z: -419.49353718319264
  yaw: -269.65494
  pitch: 1.927168
logoutlocation:
  world: world
  x: -152.7078159183361
  y: 96.0
  z: -397.6146080489882
  yaw: -34.904907
  pitch: -3.1728325
money: '500.0'
