lastAccountName: Kral8080
timestamps:
  login: 1580288827762
ipAddress: 185.9.156.198
logoutlocation:
  world: world
  x: -101.02646802530029
  y: 100.0625
  z: -419.49353718319264
  yaw: -269.65494
  pitch: 1.927168
