lastAccountName: _Lxght
timestamps:
  login: 1580380666901
  logout: 1580380871285
ipAddress: 185.9.156.198
lastlocation:
  world: world
  x: -101.02646802530029
  y: 100.0625
  z: -419.49353718319264
  yaw: -269.65494
  pitch: 1.927168
money: '500.0'
logoutlocation:
  world: world
  x: -122.19607426354024
  y: 96.0
  z: -420.1587007957912
  yaw: -34.0907
  pitch: 1.0683775
