lastAccountName: mcclans
timestamps:
  login: 1580226778690
  logout: 1580226945614
ipAddress: 185.9.156.198
lastlocation:
  world: world
  x: -101.02646802530029
  y: 100.0625
  z: -419.49353718319264
  yaw: -269.65494
  pitch: 1.927168
logoutlocation:
  world: world
  x: -115.15242267839513
  y: 96.0
  z: -409.99174328133967
  yaw: -256.60837
  pitch: 6.0408726
