lastAccountName: Hahaxd
timestamps:
  login: 1583499610080
  logout: 1583500183013
ipAddress: 88.224.214.19
lastlocation:
  world: world
  x: -101.02646802530029
  y: 100.0625
  z: -419.49353718319264
  yaw: -269.65494
  pitch: 1.927168
money: '500.0'
logoutlocation:
  world: world
  x: -141.9395715419575
  y: 97.0
  z: -406.8490820871541
  yaw: -128.21878
  pitch: -6.798504
