lastAccountName: DestroyerSlayer_
timestamps:
  login: 1543240653970
  logout: 1543240849090
ipAddress: 37.123.99.198
lastlocation:
  world: world
  x: 190.0
  y: 64.0
  z: 335.0
  yaw: 0.0
  pitch: 0.0
money: '100.0'
logoutlocation:
  world: world
  x: -7672.691873772317
  y: 152.0
  z: -8055.074999988079
  yaw: -178.62262
  pitch: 10.822939
