lastAccountName: HzChuckys
timestamps:
  login: 1580215935295
  logout: 1580216052811
ipAddress: 185.9.156.198
lastlocation:
  world: world
  x: -101.02646802530029
  y: 100.0625
  z: -419.49353718319264
  yaw: -269.65494
  pitch: 1.927168
money: '500.0'
logoutlocation:
  world: world
  x: -133.303896665661
  y: 97.0
  z: -437.73593678717833
  yaw: -331.82434
  pitch: -8.276801
