lastAccountName: ByKusH
timestamps:
  login: 1580210826374
  logout: 1580210910584
ipAddress: 185.9.156.198
lastlocation:
  world: world
  x: -101.02646802530029
  y: 100.0625
  z: -419.49353718319264
  yaw: -269.65494
  pitch: 1.927168
logoutlocation:
  world: world
  x: -106.65334641019781
  y: 97.0
  z: -408.8519635474753
  yaw: 273.1521
  pitch: 5.3491836
