lastAccountName: leiing
timestamps:
  login: 1580498559114
  logout: 1580498560570
ipAddress: 185.9.156.198
lastlocation:
  world: world
  x: -101.02646802530029
  y: 100.0625
  z: -419.49353718319264
  yaw: -269.65494
  pitch: 1.927168
money: '500.0'
logoutlocation:
  world: world
  x: -104.69751878683964
  y: 100.0
  z: -419.4988412801796
  yaw: -269.65494
  pitch: 1.927168
