lastAccountName: MoodyBad
timestamps:
  login: 1580739626630
  logout: 1580739753408
ipAddress: 185.9.156.198
lastlocation:
  world: world
  x: -101.02646802530029
  y: 100.0625
  z: -419.49353718319264
  yaw: -269.65494
  pitch: 1.927168
logoutlocation:
  world: world
  x: -123.60282805826431
  y: 96.0
  z: -429.46747915281463
  yaw: -56.860046
  pitch: -0.3696761
