lastAccountName: Emir3635
timestamps:
  login: 1580210070426
  logout: 1580210195664
ipAddress: 185.9.156.198
lastlocation:
  world: world
  x: -101.02646802530029
  y: 100.0625
  z: -419.49353718319264
  yaw: -269.65494
  pitch: 1.927168
money: '500.0'
logoutlocation:
  world: world
  x: -118.4324082037568
  y: 96.0
  z: -425.5225834385921
  yaw: -225.55476
  pitch: 8.077166
