lastAccountName: halil_ibrahim
timestamps:
  login: 1580492795049
  logout: 1580493039639
  lastteleport: 1580476347306
ipAddress: 185.9.156.198
lastlocation:
  world: arena
  x: -1072.2077967324967
  y: 111.0
  z: 1875.699999988079
  yaw: -247.94946
  pitch: 6.0643888
money: '500.0'
logoutlocation:
  world: world
  x: -121.4499224432863
  y: 96.0
  z: -419.33843507917857
  yaw: -138.65887
  pitch: -28.772322
