lastAccountName: _ItzxMeBuraqx
timestamps:
  login: 1580301081425
  logout: 1580301097382
ipAddress: 185.9.156.198
lastlocation:
  world: world
  x: -101.02646802530029
  y: 100.0625
  z: -419.49353718319264
  yaw: -269.65494
  pitch: 1.927168
logoutlocation:
  world: world
  x: -118.03792567132984
  y: 96.0
  z: -422.22254051616346
  yaw: -346.1366
  pitch: 18.770159
