lastAccountName: BuRaK1608
timestamps:
  login: 1580369900914
  logout: 1580370137741
ipAddress: 185.9.156.198
lastlocation:
  world: world
  x: -101.02646802530029
  y: 100.0625
  z: -419.49353718319264
  yaw: -269.65494
  pitch: 1.927168
logoutlocation:
  world: world
  x: -101.02646802530029
  y: 100.0625
  z: -419.49353718319264
  yaw: -267.50308
  pitch: 2.3575382
money: '500.0'
