lastAccountName: TFM_Sharkticon
timestamps:
  login: 1580824627338
  logout: 1580825015396
ipAddress: 185.9.156.198
lastlocation:
  world: world
  x: -101.02646802530029
  y: 100.0625
  z: -419.49353718319264
  yaw: -269.65494
  pitch: 1.927168
money: '500.0'
logoutlocation:
  world: world
  x: -117.88314262633033
  y: 97.00133597911214
  z: -420.78141441013753
  yaw: -272.91034
  pitch: 4.3479347
