lastAccountName: Mr_Abel
timestamps:
  login: 1580483459470
  logout: 1580483472329
ipAddress: 185.9.156.198
lastlocation:
  world: world
  x: -101.02646802530029
  y: 100.0625
  z: -419.49353718319264
  yaw: -269.65494
  pitch: 1.927168
money: '500.0'
logoutlocation:
  world: world
  x: -99.76910847878767
  y: 100.0625
  z: -421.7946027164788
  yaw: -269.83585
  pitch: 16.82102
