lastAccountName: FatihBabaProTR
timestamps:
  login: 1580493929010
  logout: 1580493930065
  lastteleport: 1580493029540
ipAddress: 185.9.156.198
lastlocation:
  world: world
  x: -110.27306013480641
  y: 100.0
  z: -421.1137798579579
  yaw: -297.5935
  pitch: 10.964954
logoutlocation:
  world: world
  x: -105.45265451971584
  y: 100.0
  z: -419.78912791170063
  yaw: -294.01395
  pitch: 3.218279
money: '500.0'
