lastAccountName: IDeaxRealTR
timestamps:
  login: 1580310374276
  logout: 1580310749556
ipAddress: 185.9.156.198
lastlocation:
  world: world
  x: -101.02646802530029
  y: 100.0625
  z: -419.49353718319264
  yaw: -269.65494
  pitch: 1.927168
money: '500.0'
logoutlocation:
  world: world
  x: -137.25070646764328
  y: 96.0
  z: -415.95473125576984
  yaw: -259.5427
  pitch: 13.982962
