lastAccountName: Kadir_R3KT
timestamps:
  login: 1543662711822
  logout: 1543662833541
ipAddress: 37.123.99.198
lastlocation:
  world: world
  x: 190.0
  y: 64.0
  z: 335.0
  yaw: 0.0
  pitch: 0.0
logoutlocation:
  world: world
  x: -7620.838414243369
  y: -2269.4862917130154
  z: -8056.519258684847
  yaw: 308.86432
  pitch: 4.349989
money: '100.0'
