lastAccountName: osmnvogz
timestamps:
  login: 1580654629793
  logout: 1580654690384
ipAddress: 185.9.156.198
lastlocation:
  world: world
  x: -101.02646802530029
  y: 100.0625
  z: -419.49353718319264
  yaw: -269.65494
  pitch: 1.927168
money: '500.0'
logoutlocation:
  world: world
  x: -127.80047402084355
  y: 96.5
  z: -434.192780064722
  yaw: -230.84888
  pitch: 2.9919722
