lastAccountName: YesiRaYT
timestamps:
  login: 1580462832692
  logout: 1580463051850
ipAddress: 185.9.156.198
lastlocation:
  world: world
  x: -101.02646802530029
  y: 100.0625
  z: -419.49353718319264
  yaw: -269.65494
  pitch: 1.927168
money: '500.0'
logoutlocation:
  world: world
  x: -152.38441752163882
  y: 98.0
  z: -407.591273604932
  yaw: -83.595825
  pitch: 37.433216
