lastAccountName: 12tomp
timestamps:
  login: 1580635455332
  logout: 1580636678298
ipAddress: 185.9.156.198
lastlocation:
  world: world
  x: -101.02646802530029
  y: 100.0625
  z: -419.49353718319264
  yaw: -269.65494
  pitch: 1.927168
money: '500.0'
logoutlocation:
  world: world
  x: -100.0010761536724
  y: 100.0625
  z: -419.51387198081295
  yaw: -256.28958
  pitch: 7.067715
