lastAccountName: Claou
timestamps:
  login: 1580292018738
  logout: 1580292248020
ipAddress: 185.9.156.198
lastlocation:
  world: world
  x: -101.02646802530029
  y: 100.0625
  z: -419.49353718319264
  yaw: -269.65494
  pitch: 1.927168
money: '500.0'
logoutlocation:
  world: world
  x: -147.33732514081143
  y: 97.0
  z: -422.8287530939359
  yaw: -263.20493
  pitch: 10.927164
