lastAccountName: efe3379
timestamps:
  login: 1580316136811
  logout: 1580316139471
ipAddress: 185.9.156.198
lastlocation:
  world: world
  x: -101.02646802530029
  y: 100.0625
  z: -419.49353718319264
  yaw: -269.65494
  pitch: 1.927168
money: '500.0'
logoutlocation:
  world: world
  x: -108.77351146240825
  y: 100.0
  z: -419.26068770679933
  yaw: -273.459
  pitch: 5.6283603
