lastAccountName: mari_chat
timestamps:
  login: 1580210651733
  logout: 1580210658621
ipAddress: 185.9.156.198
lastlocation:
  world: world
  x: -101.02646802530029
  y: 100.0625
  z: -419.49353718319264
  yaw: -269.65494
  pitch: 1.927168
money: '500.0'
logoutlocation:
  world: world
  x: -107.67584906077016
  y: 100.0625
  z: -419.5021678773156
  yaw: -269.65494
  pitch: 1.927168
