lastAccountName: erenbindokuz
timestamps:
  login: 1580557942142
  logout: 1580558551498
ipAddress: 185.9.156.198
lastlocation:
  world: world
  x: -101.02646802530029
  y: 100.0625
  z: -419.49353718319264
  yaw: -269.65494
  pitch: 1.927168
money: '500.0'
logoutlocation:
  world: arena
  x: -5.613505539772101
  y: 109.37486790539725
  z: 1666.9030250864457
  yaw: -180.37617
  pitch: 1.8461014
