lastAccountName: mutluhan
timestamps:
  login: 1583413899997
  logout: 1583413917960
ipAddress: 81.215.80.8
lastlocation:
  world: world
  x: -101.02646802530029
  y: 100.0625
  z: -419.49353718319264
  yaw: -269.65494
  pitch: 1.927168
logoutlocation:
  world: world
  x: -142.05000001192093
  y: 96.875
  z: -425.4080738773472
  yaw: -72.383446
  pitch: -1.8355343
