lastAccountName: RulingDevs
timestamps:
  login: 1631526544822
ipAddress: 78.185.227.127
lastlocation:
  world: world
  x: -101.02646802530029
  y: 100.0625
  z: -419.49353718319264
  yaw: -269.65494
  pitch: 1.927168
