lastAccountName: Islam_Gamer_YT
timestamps:
  login: 1580312666521
  logout: 1580313049234
ipAddress: 185.9.156.198
lastlocation:
  world: world
  x: -101.02646802530029
  y: 100.0625
  z: -419.49353718319264
  yaw: -269.65494
  pitch: 1.927168
money: '500.0'
logoutlocation:
  world: world
  x: -121.46797640443867
  y: 96.0
  z: -428.4905485341293
  yaw: -217.15868
  pitch: 20.059595
