lastAccountName: egehan123Vantrix
timestamps:
  login: 1580465490175
  logout: 1580466580232
ipAddress: 185.9.156.198
lastlocation:
  world: world
  x: -101.02646802530029
  y: 100.0625
  z: -419.49353718319264
  yaw: -269.65494
  pitch: 1.927168
logoutlocation:
  world: world
  x: -101.1850360771569
  y: 100.0625
  z: -418.99549326823734
  yaw: -342.34222
  pitch: 43.051533
money: '500.0'
