lastAccountName: Fleeking
timestamps:
  login: 1580318464355
  logout: 1580318627523
ipAddress: 185.9.156.198
lastlocation:
  world: world
  x: -101.02646802530029
  y: 100.0625
  z: -419.49353718319264
  yaw: -269.65494
  pitch: 1.927168
logoutlocation:
  world: world
  x: -98.96990542994826
  y: 100.0625
  z: -423.72901293985205
  yaw: -313.12903
  pitch: 10.986335
money: '500.0'
