lastAccountName: xFenix
timestamps:
  login: 1580475920140
  logout: 1580476761375
ipAddress: 185.9.156.198
lastlocation:
  world: world
  x: -101.02646802530029
  y: 100.0625
  z: -419.49353718319264
  yaw: -269.65494
  pitch: 1.927168
logoutlocation:
  world: world
  x: -118.91591809347594
  y: 96.0
  z: -419.57994565750755
  yaw: -271.75494
  pitch: 17.377169
money: '500.0'
