lastAccountName: RedBuff_
timestamps:
  login: 1580228146571
  logout: 1580228544347
ipAddress: 185.9.156.198
lastlocation:
  world: world
  x: -101.02646802530029
  y: 100.0625
  z: -419.49353718319264
  yaw: -269.65494
  pitch: 1.927168
money: '500.0'
logoutlocation:
  world: world
  x: -110.29404338971426
  y: 96.0
  z: -428.43861720520755
  yaw: -287.32092
  pitch: 3.6147125
