lastAccountName: memmedli
timestamps:
  login: 1580577312014
  logout: 1580577694359
ipAddress: 185.9.156.198
lastlocation:
  world: world
  x: -101.02646802530029
  y: 100.0625
  z: -419.49353718319264
  yaw: -269.65494
  pitch: 1.927168
money: '500.0'
logoutlocation:
  world: world
  x: -104.0658755082513
  y: 100.0625
  z: -418.41509016120665
  yaw: -271.5138
  pitch: 30.311531
