lastAccountName: ilyalex_
timestamps:
  login: 1580229962777
  logout: 1580230931728
ipAddress: 185.9.156.198
lastlocation:
  world: world
  x: -101.02646802530029
  y: 100.0625
  z: -419.49353718319264
  yaw: -269.65494
  pitch: 1.927168
money: '500.0'
logoutlocation:
  world: world
  x: -125.72194417260249
  y: 96.0
  z: -408.6689758948351
  yaw: -98.80487
  pitch: 18.87716
