lastAccountName: F_Tural2006
timestamps:
  login: 1580298457780
  logout: 1580298477518
ipAddress: 185.9.156.198
lastlocation:
  world: world
  x: -101.02646802530029
  y: 100.0625
  z: -419.49353718319264
  yaw: -269.65494
  pitch: 1.927168
money: '500.0'
logoutlocation:
  world: world
  x: -117.17832793794814
  y: 96.0
  z: -416.93104902749366
  yaw: -259.60434
  pitch: 29.010834
