lastAccountName: altay
timestamps:
  login: 1580374586993
  logout: 1580374844433
ipAddress: 185.9.156.198
lastlocation:
  world: world
  x: -101.02646802530029
  y: 100.0625
  z: -419.49353718319264
  yaw: -269.65494
  pitch: 1.927168
logoutlocation:
  world: world
  x: -99.44654037274134
  y: 100.0625
  z: -417.5321427077468
  yaw: -193.30496
  pitch: 23.549982
money: '500.0'
