lastAccountName: XTworstX
timestamps:
  login: 1580815151211
  logout: 1580815161558
ipAddress: 185.9.156.198
lastlocation:
  world: world
  x: -101.02646802530029
  y: 100.0625
  z: -419.49353718319264
  yaw: -269.65494
  pitch: 1.927168
logoutlocation:
  world: world
  x: -135.1569099809879
  y: 97.0
  z: -435.4197963900705
  yaw: -221.00832
  pitch: 7.888318
