lastAccountName: kahraman1643
timestamps:
  login: 1580590237150
  logout: 1580590295382
ipAddress: 185.9.156.198
lastlocation:
  world: world
  x: -101.02646802530029
  y: 100.0625
  z: -419.49353718319264
  yaw: -269.65494
  pitch: 1.927168
logoutlocation:
  world: world
  x: -133.3200899067532
  y: 96.0625
  z: -428.1699539367115
  yaw: -126.97131
  pitch: 10.194631
