lastAccountName: JasoZaDemon
timestamps:
  login: 1580756226272
  logout: 1580756347905
ipAddress: 185.9.156.198
lastlocation:
  world: world
  x: -101.02646802530029
  y: 100.0625
  z: -419.49353718319264
  yaw: -269.65494
  pitch: 1.927168
money: '500.0'
logoutlocation:
  world: world
  x: -136.61441330530278
  y: 96.0
  z: -421.7308836846427
  yaw: -256.75494
  pitch: 17.677168
