lastAccountName: yMouthSkills
timestamps:
  login: 1580561730692
  logout: 1580561970431
ipAddress: 185.9.156.198
lastlocation:
  world: world
  x: -101.02646802530029
  y: 100.0625
  z: -419.49353718319264
  yaw: -269.65494
  pitch: 1.927168
money: '500.0'
logoutlocation:
  world: arena
  x: 248.86253836010607
  y: 76.0
  z: 1628.877222759591
  yaw: 160.66687
  pitch: 1.7013859
