lastAccountName: xFealy
timestamps:
  login: 1580358976918
  logout: 1580359493255
ipAddress: 185.9.156.198
lastlocation:
  world: world
  x: -101.02646802530029
  y: 100.0625
  z: -419.49353718319264
  yaw: -269.65494
  pitch: 1.927168
money: '500.0'
logoutlocation:
  world: world
  x: -112.69015391173257
  y: 96.4047088316878
  z: -419.502725980794
  yaw: -271.50705
  pitch: 8.490136
