lastAccountName: batuhan222
timestamps:
  login: 1580473672689
  logout: 1580473676198
ipAddress: 185.9.156.198
lastlocation:
  world: world
  x: -101.02646802530029
  y: 100.0625
  z: -419.49353718319264
  yaw: -269.65494
  pitch: 1.927168
logoutlocation:
  world: world
  x: -101.5
  y: 100.0
  z: -419.5
  yaw: -269.32352
  pitch: 7.230569
