lastAccountName: burak7233
timestamps:
  login: 1580245509789
  logout: 1580245755530
ipAddress: 185.9.156.198
lastlocation:
  world: world
  x: -101.02646802530029
  y: 100.0625
  z: -419.49353718319264
  yaw: -269.65494
  pitch: 1.927168
money: '500.0'
logoutlocation:
  world: world
  x: -141.0778573817173
  y: 97.0
  z: -405.9426688937393
  yaw: -88.51145
  pitch: 7.309499
