lastAccountName: iLonsoBubaAZ
timestamps:
  login: 1580730798048
  logout: 1580730838479
ipAddress: 185.9.156.198
lastlocation:
  world: world
  x: -101.02646802530029
  y: 100.0625
  z: -419.49353718319264
  yaw: -269.65494
  pitch: 1.927168
logoutlocation:
  world: world
  x: -118.45416844257431
  y: 96.0
  z: -417.29075811162437
  yaw: 13.395183
  pitch: 30.900003
