lastAccountName: CranioRandagio
timestamps:
  login: 1580837954646
  logout: 1580838238758
ipAddress: 185.9.156.198
lastlocation:
  world: world
  x: -101.02646802530029
  y: 100.0625
  z: -419.49353718319264
  yaw: -269.65494
  pitch: 1.927168
money: '500.0'
logoutlocation:
  world: arena
  x: -5.247528682148399
  y: 105.0
  z: 1677.8076937413703
  yaw: -173.24231
  pitch: 55.22322
