lastAccountName: This_Deys
timestamps:
  login: 1580458754931
  logout: 1580459434191
ipAddress: 185.9.156.198
lastlocation:
  world: world
  x: -101.02646802530029
  y: 100.0625
  z: -419.49353718319264
  yaw: -269.65494
  pitch: 1.927168
money: '500.0'
logoutlocation:
  world: world
  x: -129.3173842722524
  y: 97.0
  z: -436.6338205606039
  yaw: -127.25156
  pitch: -7.1350274
