lastAccountName: ibmurcen
timestamps:
  login: 1580142757099
  logout: 1580142904883
ipAddress: 185.9.156.198
lastlocation:
  world: world
  x: -101.02646802530029
  y: 100.0625
  z: -419.49353718319264
  yaw: -269.65494
  pitch: 1.927168
money: '500.0'
logoutlocation:
  world: world
  x: -136.4827463795011
  y: 96.0
  z: -420.83319589103394
  yaw: -322.4547
  pitch: 12.600003
