lastAccountName: polatkan08
timestamps:
  login: 1580301544032
  logout: 1580301658998
ipAddress: 185.9.156.198
lastlocation:
  world: world
  x: -101.02646802530029
  y: 100.0625
  z: -419.49353718319264
  yaw: -269.65494
  pitch: 1.927168
money: '500.0'
logoutlocation:
  world: world
  x: -104.45864122478302
  y: 100.0
  z: -419.49764559942935
  yaw: -269.65494
  pitch: 1.927168
