lastAccountName: Helpry
timestamps:
  login: 1580462300103
  logout: 1580462344674
ipAddress: 185.9.156.198
lastlocation:
  world: world
  x: -101.02646802530029
  y: 100.0625
  z: -419.49353718319264
  yaw: -269.65494
  pitch: 1.927168
logoutlocation:
  world: world
  x: -142.10337580950073
  y: 97.875
  z: -424.2136962412909
  yaw: -350.00067
  pitch: 16.998617
