lastAccountName: Elqenna
timestamps:
  login: 1580837111898
  logout: 1580837131968
ipAddress: 185.9.156.198
lastlocation:
  world: world
  x: -101.02646802530029
  y: 100.0625
  z: -419.49353718319264
  yaw: -269.65494
  pitch: 1.927168
money: '500.0'
logoutlocation:
  world: world
  x: -122.22529171713286
  y: 96.0
  z: -416.6180248933411
  yaw: -96.25156
  pitch: 12.251935
