lastAccountName: kaan435235
timestamps:
  login: 1580656464185
  logout: 1580656490790
ipAddress: 185.9.156.198
lastlocation:
  world: world
  x: -101.02646802530029
  y: 100.0625
  z: -419.49353718319264
  yaw: -269.65494
  pitch: 1.927168
logoutlocation:
  world: world
  x: -108.95449012588188
  y: 100.0
  z: -418.7871575111875
  yaw: -296.35495
  pitch: 16.92717
