lastAccountName: iArda_TP
timestamps:
  login: 1580738150098
  logout: 1580738794698
ipAddress: 185.9.156.198
lastlocation:
  world: world
  x: -101.02646802530029
  y: 100.0625
  z: -419.49353718319264
  yaw: -269.65494
  pitch: 1.927168
money: '500.0'
logoutlocation:
  world: world
  x: -126.26781050884573
  y: 96.0
  z: -415.4688807094282
  yaw: -101.33856
  pitch: 21.460323
