lastAccountName: Recolour
timestamps:
  login: 1580298709597
  logout: 1580298717796
ipAddress: 185.9.156.198
lastlocation:
  world: world
  x: -101.02646802530029
  y: 100.0625
  z: -419.49353718319264
  yaw: -269.65494
  pitch: 1.927168
logoutlocation:
  world: world
  x: -103.0026494794331
  y: 100.0625
  z: -423.1351705057618
  yaw: -117.5549
  pitch: 6.1271677
