lastAccountName: CengoTR__
timestamps:
  login: 1580216793334
  logout: 1580217067519
ipAddress: 185.9.156.198
lastlocation:
  world: world
  x: -101.02646802530029
  y: 100.0625
  z: -419.49353718319264
  yaw: -269.65494
  pitch: 1.927168
logoutlocation:
  world: world
  x: -98.90206118848957
  y: 100.0625
  z: -421.7297785668666
  yaw: -345.87787
  pitch: 30.092545
money: '500.0'
