lastAccountName: JAKEPOW
timestamps:
  login: 1543166908597
  logout: 1543167117221
  lastteleport: 1543165785165
ipAddress: 37.123.99.198
lastlocation:
  world: world
  x: -7627.001212929028
  y: -2392.0109762665143
  z: -8037.044789544146
  yaw: 47.714844
  pitch: -46.05
logoutlocation:
  world: world
  x: -7690.8871594587035
  y: 152.0
  z: -8021.617713904769
  yaw: -131.08588
  pitch: 1.7624117
money: '100.0'
