lastAccountName: MinatorEmmi
timestamps:
  login: 1543649335866
  logout: 1543649347697
ipAddress: 37.123.99.198
lastlocation:
  world: world
  x: 190.0
  y: 64.0
  z: 335.0
  yaw: 0.0
  pitch: 0.0
logoutlocation:
  world: world
  x: -7700.5
  y: 154.0
  z: -8013.5
  yaw: 229.81412
  pitch: 2.6624117
