lastAccountName: baba_Pko
timestamps:
  login: 1580577019535
  logout: 1580577450364
ipAddress: 185.9.156.198
lastlocation:
  world: world
  x: -101.02646802530029
  y: 100.0625
  z: -419.49353718319264
  yaw: -269.65494
  pitch: 1.927168
money: '500.0'
logoutlocation:
  world: world
  x: -144.25815396039917
  y: 97.0
  z: -407.0369281795751
  yaw: -253.94614
  pitch: 13.046662
