lastAccountName: xrakey00
timestamps:
  login: 1580403201385
  logout: 1580403302002
ipAddress: 185.9.156.198
lastlocation:
  world: world
  x: -101.02646802530029
  y: 100.0625
  z: -419.49353718319264
  yaw: -269.65494
  pitch: 1.927168
logoutlocation:
  world: world
  x: -132.24344017331597
  y: 96.0
  z: -403.98006356338004
  yaw: 357.04504
  pitch: 13.499974
