lastAccountName: zMarbless_GT
timestamps:
  login: 1580565667507
  logout: 1580565726539
  lastteleport: 1580386633682
ipAddress: 185.9.156.198
lastlocation:
  world: arena
  x: 12.368483420656439
  y: 105.14105913145909
  z: 1688.963972238491
  yaw: -238.17453
  pitch: 14.444588
money: '500.0'
logoutlocation:
  world: world
  x: -121.39555677351203
  y: 96.0
  z: -418.4533748837399
  yaw: -44.85069
  pitch: -0.51836306
