lastAccountName: FERYADILAZ
timestamps:
  login: 1580141042472
  logout: 1580141298239
ipAddress: 185.9.156.198
lastlocation:
  world: world
  x: -101.02646802530029
  y: 100.0625
  z: -419.49353718319264
  yaw: -269.65494
  pitch: 1.927168
logoutlocation:
  world: world
  x: -126.53150288711291
  y: 95.0
  z: -418.8230027445834
  yaw: 223.79071
  pitch: 90.0
