lastAccountName: bts1ayca1army
timestamps:
  login: 1580329579401
  logout: 1580330126800
ipAddress: 185.9.156.198
lastlocation:
  world: world
  x: -101.02646802530029
  y: 100.0625
  z: -419.49353718319264
  yaw: -269.65494
  pitch: 1.927168
money: '500.0'
logoutlocation:
  world: world
  x: -107.34205455307304
  y: 100.0625
  z: -419.50562469633235
  yaw: -269.65494
  pitch: 1.927168
