lastAccountName: Esprones
timestamps:
  login: 1580326362059
  logout: 1580326367494
ipAddress: 185.9.156.198
lastlocation:
  world: world
  x: -101.02646802530029
  y: 100.0625
  z: -419.49353718319264
  yaw: -269.65494
  pitch: 1.927168
money: '500.0'
logoutlocation:
  world: world
  x: -108.07566829742673
  y: 101.06383597911214
  z: -419.3230399664341
  yaw: -266.48236
  pitch: 7.513711
