lastAccountName: KrosOyuncu
timestamps:
  login: 1580291084738
  logout: 1580291506356
ipAddress: 185.9.156.198
lastlocation:
  world: world
  x: -101.02646802530029
  y: 100.0625
  z: -419.49353718319264
  yaw: -269.65494
  pitch: 1.927168
money: '500.0'
logoutlocation:
  world: arena
  x: -339.3212358115738
  y: 87.0
  z: 1832.570031372405
  yaw: 114.81995
  pitch: 34.314632
