lastAccountName: _Xquinslx_
timestamps:
  login: 1580477579840
  logout: 1580477678417
ipAddress: 185.9.156.198
lastlocation:
  world: world
  x: -101.02646802530029
  y: 100.0625
  z: -419.49353718319264
  yaw: -269.65494
  pitch: 1.927168
logoutlocation:
  world: world
  x: -134.6452722383147
  y: 96.0
  z: -429.86760138714885
  yaw: 357.93646
  pitch: 29.213749
money: '500.0'
