lastlocation:
  world: world
  x: -101.02646802530029
  y: 100.0625
  z: -419.49353718319264
  yaw: -269.65494
  pitch: 1.927168
lastAccountName: TheRelAx
timestamps:
  login: 1580292160295
  logout: 1580292331943
ipAddress: 185.9.156.198
money: '500.0'
logoutlocation:
  world: world
  x: -101.02646802530029
  y: 100.0625
  z: -419.49353718319264
  yaw: -269.65494
  pitch: 1.927168
