lastAccountName: SrLe_
timestamps:
  login: 1580555783472
  logout: 1580555797807
ipAddress: 185.9.156.198
lastlocation:
  world: world
  x: -101.02646802530029
  y: 100.0625
  z: -419.49353718319264
  yaw: -269.65494
  pitch: 1.927168
logoutlocation:
  world: world
  x: -104.91673526848115
  y: 100.0
  z: -419.37207478128755
  yaw: -275.20493
  pitch: 5.977168
