lastAccountName: KuzeyBihan
timestamps:
  login: 1580817262194
  logout: 1580817271677
ipAddress: 185.9.156.198
lastlocation:
  world: world
  x: -101.02646802530029
  y: 100.0625
  z: -419.49353718319264
  yaw: -269.65494
  pitch: 1.927168
money: '500.0'
logoutlocation:
  world: world
  x: -112.37380859948277
  y: 96.0
  z: -419.24523053322275
  yaw: -273.4448
  pitch: 4.497229
