lastAccountName: Ali_King_
timestamps:
  login: 1580300401993
  logout: 1580300416463
ipAddress: 185.9.156.198
lastlocation:
  world: world
  x: -101.02646802530029
  y: 100.0625
  z: -419.49353718319264
  yaw: -269.65494
  pitch: 1.927168
money: '500.0'
logoutlocation:
  world: world
  x: -116.4482773027298
  y: 96.0
  z: -423.57695456978047
  yaw: -282.2282
  pitch: 13.752586
