lastAccountName: Arda_wiiners
timestamps:
  login: 1580232948010
  logout: 1580233118636
ipAddress: 185.9.156.198
lastlocation:
  world: world
  x: -101.02646802530029
  y: 100.0625
  z: -419.49353718319264
  yaw: -269.65494
  pitch: 1.927168
money: '500.0'
logoutlocation:
  world: world
  x: -141.22300022652473
  y: 96.0
  z: -422.3522884665543
  yaw: -123.93153
  pitch: -9.692833
