lastAccountName: Ayaz
timestamps:
  login: 1580373040887
  logout: 1580373048220
ipAddress: 185.9.156.198
lastlocation:
  world: world
  x: -101.02646802530029
  y: 100.0625
  z: -419.49353718319264
  yaw: -269.65494
  pitch: 1.927168
logoutlocation:
  world: world
  x: -103.36101768023536
  y: 100.0625
  z: -418.63016995039305
  yaw: -269.65494
  pitch: 1.927168
