lastAccountName: eQQ_
timestamps:
  login: 1580304817460
  logout: 1580304891130
ipAddress: 185.9.156.198
lastlocation:
  world: world
  x: -101.02646802530029
  y: 100.0625
  z: -419.49353718319264
  yaw: -269.65494
  pitch: 1.927168
money: '500.0'
logoutlocation:
  world: world
  x: -151.69999998807907
  y: 96.0
  z: -428.26559185117236
  yaw: -230.73346
  pitch: 37.191326
