lastAccountName: xStrqfeYT
timestamps:
  login: 1580286550093
  logout: 1580286819173
ipAddress: 185.9.156.198
lastlocation:
  world: world
  x: -101.02646802530029
  y: 100.0625
  z: -419.49353718319264
  yaw: -269.65494
  pitch: 1.927168
money: '500.0'
logoutlocation:
  world: arena
  x: 248.47732394259015
  y: 76.0
  z: 1622.2927728799534
  yaw: -111.45856
  pitch: 35.7664
