lastAccountName: MineLeftTR
timestamps:
  login: 1543601144902
  logout: 1543601201641
ipAddress: 37.123.99.198
lastlocation:
  world: world
  x: 190.0
  y: 64.0
  z: 335.0
  yaw: 0.0
  pitch: 0.0
logoutlocation:
  world: world
  x: -7679.854122689125
  y: 153.0
  z: -8075.159894014889
  yaw: -176.94713
  pitch: 18.745724
