lastAccountName: HalilErdemPvP
timestamps:
  login: 1580221485082
  logout: 1580222350496
ipAddress: 185.9.156.198
lastlocation:
  world: world
  x: -101.02646802530029
  y: 100.0625
  z: -419.49353718319264
  yaw: -269.65494
  pitch: 1.927168
money: '500.0'
logoutlocation:
  world: world
  x: -141.09361228902821
  y: 97.0
  z: -403.1147262691537
  yaw: -295.0983
  pitch: 3.2372499
