lastAccountName: iAlicanStrqfee_
timestamps:
  login: 1580318045514
  logout: 1580318051739
ipAddress: 185.9.156.198
lastlocation:
  world: world
  x: -101.02646802530029
  y: 100.0625
  z: -419.49353718319264
  yaw: -269.65494
  pitch: 1.927168
logoutlocation:
  world: world
  x: -107.50852289484605
  y: 100.0625
  z: -419.5167826140861
  yaw: -269.16632
  pitch: 0.8955443
