lastlocation:
  world: world
  x: -154.30000001192093
  y: 108.0
  z: -434.92500001192093
  yaw: -0.11035156
  pitch: 33.560196
lastAccountName: Kaango321
timestamps:
  login: 1580491144938
  logout: 1580492767899
  lastteleport: 1580492018046
ipAddress: 185.9.156.198
money: '500.0'
logoutlocation:
  world: world
  x: -114.96051591718694
  y: 96.0
  z: -413.91887486412924
  yaw: -298.5372
  pitch: 8.274902
