lastAccountName: Chinis
timestamps:
  login: 1580668568694
  logout: 1580668610862
ipAddress: 185.9.156.198
lastlocation:
  world: world
  x: -101.02646802530029
  y: 100.0625
  z: -419.49353718319264
  yaw: -269.65494
  pitch: 1.927168
logoutlocation:
  world: world
  x: -133.38987847167732
  y: 96.0625
  z: -410.2919299740789
  yaw: -117.14691
  pitch: 6.4646683
money: '500.0'
