lastAccountName: BlassT
timestamps:
  login: 1580216261495
  logout: 1580217621156
ipAddress: 185.9.156.198
lastlocation:
  world: world
  x: -101.02646802530029
  y: 100.0625
  z: -419.49353718319264
  yaw: -269.65494
  pitch: 1.927168
logoutlocation:
  world: world
  x: -181.8181622542195
  y: 88.0
  z: -409.69999998807907
  yaw: -141.68542
  pitch: 38.743927
money: '500.0'
