lastAccountName: EmreKaraPvP
timestamps:
  login: 1580490853500
  logout: 1580490859708
ipAddress: 185.9.156.198
lastlocation:
  world: world
  x: -101.02646802530029
  y: 100.0625
  z: -419.49353718319264
  yaw: -269.65494
  pitch: 1.927168
logoutlocation:
  world: world
  x: -104.79087942021317
  y: 100.0
  z: -419.5059261506286
  yaw: -269.59964
  pitch: 3.3365557
