lastlocation:
  world: world
  x: -101.02646802530029
  y: 100.0625
  z: -419.49353718319264
  yaw: -269.65494
  pitch: 1.927168
lastAccountName: FlameArrows
timestamps:
  login: 1580459124796
  logout: 1580459846461
ipAddress: 185.9.156.198
logoutlocation:
  world: world
  x: -120.07554769414179
  y: 96.0
  z: -419.5278458996437
  yaw: -267.55496
  pitch: 5.377168
money: '500.0'
