lastAccountName: JCKS
timestamps:
  login: 1543248651574
  logout: 1543248684192
ipAddress: 37.123.99.198
lastlocation:
  world: world
  x: 190.0
  y: 64.0
  z: 335.0
  yaw: 0.0
  pitch: 0.0
logoutlocation:
  world: world
  x: -7701.699999988079
  y: 152.0
  z: -8018.94881439517
  yaw: 119.75058
  pitch: 13.827687
