lastAccountName: Honkai
timestamps:
  login: 1580414179883
  logout: 1580414225815
ipAddress: 185.9.156.198
lastlocation:
  world: world
  x: -101.02646802530029
  y: 100.0625
  z: -419.49353718319264
  yaw: -269.65494
  pitch: 1.927168
money: '500.0'
logoutlocation:
  world: world
  x: -124.08709252811005
  y: 96.0
  z: -437.62782523309073
  yaw: -56.83548
  pitch: 15.54577
