lastAccountName: Umut_PVO
timestamps:
  login: 1580404195346
  logout: 1580404287213
ipAddress: 185.9.156.198
lastlocation:
  world: world
  x: -101.02646802530029
  y: 100.0625
  z: -419.49353718319264
  yaw: -269.65494
  pitch: 1.927168
money: '500.0'
logoutlocation:
  world: world
  x: -103.54306988064899
  y: 100.0
  z: -419.5004626604897
  yaw: -269.65494
  pitch: 2.147639
