lastAccountName: Bebeto08
timestamps:
  login: 1580406367648
  logout: 1580406376792
ipAddress: 185.9.156.198
lastlocation:
  world: world
  x: -101.02646802530029
  y: 100.0625
  z: -419.49353718319264
  yaw: -269.65494
  pitch: 1.927168
logoutlocation:
  world: world
  x: -105.19015970914155
  y: 100.0
  z: -419.51870965041974
  yaw: -269.68512
  pitch: 3.5564268
