lastAccountName: KhooLy
timestamps:
  login: 1580224471295
  logout: 1580224756349
ipAddress: 185.9.156.198
lastlocation:
  world: world
  x: -101.02646802530029
  y: 100.0625
  z: -419.49353718319264
  yaw: -269.65494
  pitch: 1.927168
money: '500.0'
logoutlocation:
  world: world
  x: -139.9738484628453
  y: 97.0155550727022
  z: -412.4832333940672
  yaw: -43.742435
  pitch: 18.192606
