lastAccountName: TReAS2
timestamps:
  login: 1580372949991
  logout: 1580373015463
ipAddress: 185.9.156.198
lastlocation:
  world: world
  x: -101.02646802530029
  y: 100.0625
  z: -419.49353718319264
  yaw: -269.65494
  pitch: 1.927168
logoutlocation:
  world: world
  x: -141.71939409256484
  y: 97.875
  z: -424.8013473302493
  yaw: -147.8949
  pitch: 53.245453
money: '500.0'
