lastAccountName: Pedro_Killer
timestamps:
  login: 1580285751621
  logout: 1580285755071
ipAddress: 185.9.156.198
lastlocation:
  world: world
  x: -101.02646802530029
  y: 100.0625
  z: -419.49353718319264
  yaw: -269.65494
  pitch: 1.927168
logoutlocation:
  world: world
  x: -107.5495028208573
  y: 100.0625
  z: -420.2388118554327
  yaw: -275.35492
  pitch: 2.077168
