lastAccountName: youdai
timestamps:
  login: 1580647790467
  logout: 1580648243554
ipAddress: 185.9.156.198
lastlocation:
  world: world
  x: -101.02646802530029
  y: 100.0625
  z: -419.49353718319264
  yaw: -269.65494
  pitch: 1.927168
money: '500.0'
logoutlocation:
  world: world
  x: -114.69757603515224
  y: 98.0
  z: -435.9471476643445
  yaw: -7.973657
  pitch: 33.061844
