lastAccountName: vertemeraud
timestamps:
  login: 1580402728301
  logout: 1580403281702
ipAddress: 185.9.156.198
lastlocation:
  world: world
  x: -101.02646802530029
  y: 100.0625
  z: -419.49353718319264
  yaw: -269.65494
  pitch: 1.927168
money: '500.0'
logoutlocation:
  world: world
  x: -130.69999998807907
  y: 93.0
  z: -454.30000001192093
  yaw: -312.02032
  pitch: 41.058598
