lastAccountName: Gundakci
timestamps:
  login: 1580230744023
  logout: 1580231348730
ipAddress: 185.9.156.198
lastlocation:
  world: world
  x: -101.02646802530029
  y: 100.0625
  z: -419.49353718319264
  yaw: -269.65494
  pitch: 1.927168
money: '500.0'
logoutlocation:
  world: world
  x: -151.19662287799906
  y: 97.0
  z: -409.16539654306763
  yaw: -307.21243
  pitch: 26.577534
