lastAccountName: AyazUraz
timestamps:
  login: 1543329767512
  lastteleport: 1543329833535
  logout: 1543329942187
ipAddress: 37.123.99.198
lastlocation:
  world: world
  x: -7678.394754665733
  y: 152.0
  z: -8039.972450642959
  yaw: -136.59348
  pitch: 13.613647
money: '100.0'
logoutlocation:
  world: world
  x: -0.4370857201391589
  y: 4.0
  z: 39.78669232942502
  yaw: 46.295647
  pitch: 60.466602
