lastAccountName: JellyDonutOne
timestamps:
  login: 1580392240469
  logout: 1580394415714
ipAddress: 185.9.156.198
lastlocation:
  world: world
  x: -101.02646802530029
  y: 100.0625
  z: -419.49353718319264
  yaw: -269.65494
  pitch: 1.927168
money: '500.0'
logoutlocation:
  world: world
  x: -144.6879910513885
  y: 96.0
  z: -423.2155270243653
  yaw: -149.27783
  pitch: 26.871891
