lastAccountName: z3us
timestamps:
  login: 1580249310576
  logout: 1580249387315
ipAddress: 185.9.156.198
lastlocation:
  world: world
  x: -101.02646802530029
  y: 100.0625
  z: -419.49353718319264
  yaw: -269.65494
  pitch: 1.927168
logoutlocation:
  world: world
  x: -136.08407759871005
  y: 96.0
  z: -416.702963592209
  yaw: -326.65485
  pitch: 11.227154
