lastAccountName: monkeybuster9
timestamps:
  login: 1580220301357
  logout: 1580220480205
ipAddress: 185.9.156.198
lastlocation:
  world: world
  x: -101.02646802530029
  y: 100.0625
  z: -419.49353718319264
  yaw: -269.65494
  pitch: 1.927168
money: '500.0'
logoutlocation:
  world: world
  x: -145.7447281832962
  y: 96.0
  z: -421.37613118916727
  yaw: -272.57788
  pitch: 25.12463
