lastAccountName: HasanOzdinc
timestamps:
  login: 1580236264839
  logout: 1580236361720
ipAddress: 185.9.156.198
lastlocation:
  world: world
  x: -101.02646802530029
  y: 100.0625
  z: -419.49353718319264
  yaw: -269.65494
  pitch: 1.927168
logoutlocation:
  world: world
  x: -142.7023229490228
  y: 97.0
  z: -399.96836115179093
  yaw: 345.22046
  pitch: 14.419549
