lastAccountName: Dragon3021532
timestamps:
  login: 1580741837498
  logout: 1580741915399
ipAddress: 185.9.156.198
lastlocation:
  world: world
  x: -101.02646802530029
  y: 100.0625
  z: -419.49353718319264
  yaw: -269.65494
  pitch: 1.927168
money: '500.0'
logoutlocation:
  world: arena
  x: -10.502584420310846
  y: 105.0
  z: 1638.8162247681307
  yaw: -293.12253
  pitch: 11.399333
