lastAccountName: Inamagumi
timestamps:
  login: 1580818328911
  logout: 1580818334676
ipAddress: 185.9.156.198
lastlocation:
  world: world
  x: -101.02646802530029
  y: 100.0625
  z: -419.49353718319264
  yaw: -269.65494
  pitch: 1.927168
money: '500.0'
logoutlocation:
  world: world
  x: -108.49689563924828
  y: 100.0
  z: -419.5075188441298
  yaw: -269.65494
  pitch: 1.927168
