lastAccountName: ProQucci
timestamps:
  login: 1580545652063
  logout: 1580545679573
  lastheal: 1580485005235
ipAddress: 185.9.156.198
lastlocation:
  world: world
  x: -106.81883255225335
  y: 100.0625
  z: -419.0540214429296
  yaw: -235.30498
  pitch: 22.627169
money: '500.0'
logoutlocation:
  world: world
  x: -101.02646802530029
  y: 100.0625
  z: -419.49353718319264
  yaw: -269.65494
  pitch: 1.927168
