lastAccountName: DeadlyOttoman
timestamps:
  login: 1580566989160
  logout: 1580567736313
ipAddress: 185.9.156.198
lastlocation:
  world: world
  x: -101.02646802530029
  y: 100.0625
  z: -419.49353718319264
  yaw: -269.65494
  pitch: 1.927168
money: '500.0'
logoutlocation:
  world: world
  x: -134.96865688620534
  y: 97.0
  z: -433.8849309509159
  yaw: 225.62361
  pitch: 42.4327
