lastAccountName: iNzTinKz
timestamps:
  login: 1580210567271
  logout: 1580210658621
ipAddress: 185.9.156.198
lastlocation:
  world: world
  x: -101.02646802530029
  y: 100.0625
  z: -419.49353718319264
  yaw: -269.65494
  pitch: 1.927168
logoutlocation:
  world: world
  x: -144.62423971922647
  y: 96.0
  z: -419.0452128924246
  yaw: -97.95389
  pitch: 13.323724
