lastAccountName: 1MgnooN
timestamps:
  login: 1580210658302
  logout: 1580210671116
ipAddress: 185.9.156.198
lastlocation:
  world: world
  x: -101.02646802530029
  y: 100.0625
  z: -419.49353718319264
  yaw: -269.65494
  pitch: 1.927168
logoutlocation:
  world: world
  x: -143.44312276741664
  y: 97.0
  z: -406.33187199020995
  yaw: -305.8049
  pitch: 1.4771688
