lastAccountName: killersaw42
timestamps:
  login: 1580223102740
  logout: 1580223915248
ipAddress: 185.9.156.198
lastlocation:
  world: world
  x: -101.02646802530029
  y: 100.0625
  z: -419.49353718319264
  yaw: -269.65494
  pitch: 1.927168
money: '500.0'
logoutlocation:
  world: world
  x: -120.59999934134628
  y: 96.0
  z: -430.420552794571
  yaw: -239.26755
  pitch: 7.3196554
