lastAccountName: StevesYT
timestamps:
  login: 1580390823675
  logout: 1580390839985
ipAddress: 185.9.156.198
lastlocation:
  world: world
  x: -101.02646802530029
  y: 100.0625
  z: -419.49353718319264
  yaw: -269.65494
  pitch: 1.927168
money: '500.0'
logoutlocation:
  world: world
  x: -129.75964230984678
  y: 96.0
  z: -413.89789431916404
  yaw: -111.10476
  pitch: 30.12717
