lastAccountName: WayIsTaken
timestamps:
  login: 1580454475677
  logout: 1580454543057
ipAddress: 185.9.156.198
lastlocation:
  world: world
  x: -101.02646802530029
  y: 100.0625
  z: -419.49353718319264
  yaw: -269.65494
  pitch: 1.927168
money: '500.0'
logoutlocation:
  world: world
  x: -150.22275384851264
  y: 96.5
  z: -415.01380333721596
  yaw: -69.03247
  pitch: 23.104343
