lastAccountName: Tupac_Shakur
timestamps:
  login: 1580244665512
  logout: 1580245024163
ipAddress: 185.9.156.198
lastlocation:
  world: world
  x: -101.02646802530029
  y: 100.0625
  z: -419.49353718319264
  yaw: -269.65494
  pitch: 1.927168
logoutlocation:
  world: world
  x: -116.08411775018949
  y: 96.0
  z: -418.99699572841183
  yaw: -273.12936
  pitch: 0.8299651
money: '500.0'
