lastAccountName: Emre_TR
timestamps:
  login: 1580568884142
  logout: 1580569798956
ipAddress: 185.9.156.198
lastlocation:
  world: world
  x: -101.02646802530029
  y: 100.0625
  z: -419.49353718319264
  yaw: -269.65494
  pitch: 1.927168
money: '500.0'
logoutlocation:
  world: world
  x: -97.61590752107766
  y: 100.0625
  z: -424.2694521134051
  yaw: -118.98104
  pitch: 4.529594
