lastAccountName: xLexxo_
timestamps:
  login: 1580216635546
  logout: 1580217621156
ipAddress: 185.9.156.198
lastlocation:
  world: world
  x: -101.02646802530029
  y: 100.0625
  z: -419.49353718319264
  yaw: -269.65494
  pitch: 1.927168
money: '500.0'
logoutlocation:
  world: world
  x: -105.90191973914402
  y: 100.0625
  z: -419.50759088292773
  yaw: -269.5712
  pitch: 1.8853011
