lastAccountName: BenSennnnm
timestamps:
  login: 1543337502926
  logout: 1543337589125
ipAddress: 37.123.99.198
lastlocation:
  world: world
  x: 190.0
  y: 64.0
  z: 335.0
  yaw: 0.0
  pitch: 0.0
money: '100.0'
logoutlocation:
  world: world
  x: -7692.742297535791
  y: 152.0
  z: -8024.620421519081
  yaw: -38.59798
  pitch: 5.5220604
