lastAccountName: _BannedPvP_
timestamps:
  login: 1580752681615
  logout: 1580752687858
ipAddress: 185.9.156.198
lastlocation:
  world: world
  x: -101.02646802530029
  y: 100.0625
  z: -419.49353718319264
  yaw: -269.65494
  pitch: 1.927168
money: '500.0'
logoutlocation:
  world: world
  x: -110.23315710269206
  y: 100.0
  z: -418.3392954343124
  yaw: -277.64215
  pitch: 9.914368
