lastAccountName: HUSEYIN_AYDIN
timestamps:
  login: 1580301795534
  logout: 1580301809985
ipAddress: 185.9.156.198
lastlocation:
  world: world
  x: -101.02646802530029
  y: 100.0625
  z: -419.49353718319264
  yaw: -269.65494
  pitch: 1.927168
logoutlocation:
  world: world
  x: -135.04238058294607
  y: 97.0
  z: -435.1903063222237
  yaw: -243.068
  pitch: -6.7049527
