lastAccountName: ZacharyBlackBelt
timestamps:
  login: 1543335495006
  logout: 1543335502385
ipAddress: 37.123.99.198
lastlocation:
  world: world
  x: 190.0
  y: 64.0
  z: 335.0
  yaw: 0.0
  pitch: 0.0
logoutlocation:
  world: world
  x: -7682.237500011921
  y: 152.0
  z: -8020.699999988079
  yaw: -106.35006
  pitch: 22.050001
