lastAccountName: ERMAN_ENDER
timestamps:
  login: 1580317384458
  logout: 1580317399367
ipAddress: 185.9.156.198
lastlocation:
  world: world
  x: -101.02646802530029
  y: 100.0625
  z: -419.49353718319264
  yaw: -269.65494
  pitch: 1.927168
logoutlocation:
  world: world
  x: -144.14167849715426
  y: 96.0
  z: -415.8268841135681
  yaw: -272.15927
  pitch: 7.2976847
