lastAccountName: berirhamitov
timestamps:
  login: 1580236958192
  logout: 1580236997497
ipAddress: 185.9.156.198
lastlocation:
  world: world
  x: -101.02646802530029
  y: 100.0625
  z: -419.49353718319264
  yaw: -269.65494
  pitch: 1.927168
logoutlocation:
  world: world
  x: -125.70678105465262
  y: 96.0
  z: -411.5749368100204
  yaw: -76.07558
  pitch: 15.880623
