lastAccountName: Onur
timestamps:
  login: 1543433274180
  logout: 1543433539210
ipAddress: 37.123.99.198
lastlocation:
  world: world
  x: 190.0
  y: 64.0
  z: 335.0
  yaw: 0.0
  pitch: 0.0
money: '100.0'
logoutlocation:
  world: world
  x: -7658.472764550374
  y: 76.0
  z: -8057.699999988079
  yaw: -48.489166
  pitch: 61.04994
