lastAccountName: SalihGamingYTR
timestamps:
  login: 1580284955333
  logout: 1580285431466
ipAddress: 185.9.156.198
lastlocation:
  world: world
  x: -101.02646802530029
  y: 100.0625
  z: -419.49353718319264
  yaw: -269.65494
  pitch: 1.927168
money: '500.0'
logoutlocation:
  world: arena
  x: -324.35331827958663
  y: 87.0
  z: 1857.564336287442
  yaw: 171.78627
  pitch: 85.546936
