lastAccountName: SrDark
timestamps:
  login: 1580298443770
  logout: 1580298472223
ipAddress: 185.9.156.198
lastlocation:
  world: world
  x: -101.02646802530029
  y: 100.0625
  z: -419.49353718319264
  yaw: -269.65494
  pitch: 1.927168
logoutlocation:
  world: world
  x: -113.62052016043037
  y: 96.0
  z: -425.3552426098341
  yaw: -102.37449
  pitch: 23.224464
money: '500.0'
