lastAccountName: IAdil
timestamps:
  login: 1580252757821
  logout: 1580253291232
ipAddress: 185.9.156.198
lastlocation:
  world: world
  x: -101.02646802530029
  y: 100.0625
  z: -419.49353718319264
  yaw: -269.65494
  pitch: 1.927168
money: '500.0'
logoutlocation:
  world: world
  x: -116.08636115886607
  y: 96.0
  z: -419.3710481982894
  yaw: -271.67984
  pitch: 8.395974
