lastAccountName: DeliNarkoZ
timestamps:
  login: 1580842765020
  logout: 1580842773407
ipAddress: 185.9.156.198
lastlocation:
  world: world
  x: -101.02646802530029
  y: 100.0625
  z: -419.49353718319264
  yaw: -269.65494
  pitch: 1.927168
logoutlocation:
  world: world
  x: -104.47320377108082
  y: 100.0
  z: -419.50721704987166
  yaw: -269.50494
  pitch: 1.777168
