lastAccountName: xLa_Dinde
timestamps:
  login: 1580459386420
  logout: 1580462878953
ipAddress: 185.9.156.198
lastlocation:
  world: world
  x: -101.02646802530029
  y: 100.0625
  z: -419.49353718319264
  yaw: -269.65494
  pitch: 1.927168
money: '500.0'
logoutlocation:
  world: arena
  x: -15.6135055397721
  y: 106.88393783179727
  z: 1666.9030250864457
  yaw: 270.0
  pitch: -0.0
