lastAccountName: ulaskozaka65
timestamps:
  login: 1580906896606
  logout: 1580907221311
  lastteleport: 1580328667985
ipAddress: 185.9.156.198
lastlocation:
  world: world
  x: -101.4637069051658
  y: 100.0
  z: -419.4998647009488
  yaw: -269.65494
  pitch: 1.927168
money: '500.0'
logoutlocation:
  world: world
  x: -126.0211022387916
  y: 96.0
  z: -413.9457719233447
  yaw: -325.60532
  pitch: 25.177168
