lastAccountName: oyxmert01
timestamps:
  login: 1580407352650
  logout: 1580407747782
  lastteleport: 1580328564784
ipAddress: 185.9.156.198
lastlocation:
  world: world
  x: -145.18273130267264
  y: 100.0625
  z: -420.30599158364475
  yaw: -102.75585
  pitch: 70.96684
money: '500.0'
logoutlocation:
  world: world
  x: -128.7027788755491
  y: 96.0
  z: -427.92564523427546
  yaw: -5.055023
  pitch: 7.0499983
