lastAccountName: KemalErdogdu
timestamps:
  login: 1580331489025
  logout: 1580331928038
ipAddress: 185.9.156.198
lastlocation:
  world: world
  x: -101.02646802530029
  y: 100.0625
  z: -419.49353718319264
  yaw: -269.65494
  pitch: 1.927168
money: '500.0'
logoutlocation:
  world: world
  x: -103.95935081807029
  y: 100.0
  z: -419.4970489429526
  yaw: -269.65494
  pitch: 1.927168
