lastAccountName: efeali2010
timestamps:
  login: 1580568185279
  logout: 1580568708467
ipAddress: 185.9.156.198
lastlocation:
  world: world
  x: -101.02646802530029
  y: 100.0625
  z: -419.49353718319264
  yaw: -269.65494
  pitch: 1.927168
money: '500.0'
logoutlocation:
  world: world
  x: -117.80265715000579
  y: 96.0
  z: -419.8217635607817
  yaw: -302.95508
  pitch: -3.3228326
