lastAccountName: HZmert012
timestamps:
  login: 1580231247307
  logout: 1580231363184
  lastteleport: 1580230887663
ipAddress: 185.9.156.198
lastlocation:
  world: KitEdit
  x: 162.07630353985238
  y: 172.0625
  z: -63.857716250051965
  yaw: -66.36434
  pitch: 18.297028
money: '500.0'
logoutlocation:
  world: arena
  x: -1099.6706469774272
  y: 111.0
  z: 1793.6865281259138
  yaw: -77.79031
  pitch: 52.650005
