lastAccountName: BurntTrash
timestamps:
  login: 1580816598845
  logout: 1580816898432
ipAddress: 185.9.156.198
lastlocation:
  world: world
  x: -101.02646802530029
  y: 100.0625
  z: -419.49353718319264
  yaw: -269.65494
  pitch: 1.927168
money: '500.0'
logoutlocation:
  world: world
  x: -136.03421405299193
  y: 96.0
  z: -412.47891554427457
  yaw: -279.48523
  pitch: 10.528769
