lastAccountName: muri_gamer
timestamps:
  login: 1580837664145
  logout: 1580838263451
ipAddress: 185.9.156.198
lastlocation:
  world: world
  x: -101.02646802530029
  y: 100.0625
  z: -419.49353718319264
  yaw: -269.65494
  pitch: 1.927168
money: '500.0'
logoutlocation:
  world: arena
  x: -8.28957096231856
  y: 105.0
  z: 1655.9902441140266
  yaw: -173.5218
  pitch: -21.044167
