lastAccountName: iKucukEfeCephe
timestamps:
  login: 1580334757563
  logout: 1580335764175
ipAddress: 185.9.156.198
lastlocation:
  world: world
  x: -101.02646802530029
  y: 100.0625
  z: -419.49353718319264
  yaw: -269.65494
  pitch: 1.927168
money: '500.0'
logoutlocation:
  world: world
  x: -111.09495825565756
  y: 100.0
  z: -418.926015646206
  yaw: -261.13037
  pitch: 13.329331
