lastAccountName: goyun2
timestamps:
  login: 1580712008764
  logout: 1580712234413
ipAddress: 185.9.156.198
lastlocation:
  world: world
  x: -101.02646802530029
  y: 100.0625
  z: -419.49353718319264
  yaw: -269.65494
  pitch: 1.927168
money: '500.0'
logoutlocation:
  world: world
  x: -129.14433039423753
  y: 96.0
  z: -409.0092146632751
  yaw: -341.8368
  pitch: 11.223571
