lastAccountName: NewBecca
timestamps:
  login: 1580901414524
  logout: 1580901540051
ipAddress: 185.9.156.198
lastlocation:
  world: world
  x: -101.02646802530029
  y: 100.0625
  z: -419.49353718319264
  yaw: -269.65494
  pitch: 1.927168
logoutlocation:
  world: world
  x: -132.30394977635768
  y: 97.0
  z: -436.32234681872103
  yaw: -19.641418
  pitch: 0.77839893
