lastAccountName: BerkayCGbBy
timestamps:
  login: 1580833470199
  logout: 1580833476629
ipAddress: 185.9.156.198
lastlocation:
  world: world
  x: -101.02646802530029
  y: 100.0625
  z: -419.49353718319264
  yaw: -269.65494
  pitch: 1.927168
money: '500.0'
logoutlocation:
  world: world
  x: -106.2498185869342
  y: 100.0625
  z: -419.50353626608205
  yaw: -269.65494
  pitch: 1.79539
