lastAccountName: XSmazy
timestamps:
  login: 1580832904501
  logout: 1580833283410
ipAddress: 185.9.156.198
lastlocation:
  world: world
  x: -101.02646802530029
  y: 100.0625
  z: -419.49353718319264
  yaw: -269.65494
  pitch: 1.927168
money: '500.0'
logoutlocation:
  world: world
  x: -155.7730158415874
  y: 76.0
  z: -437.18631400854787
  yaw: -107.56321
  pitch: 58.869457
