lastAccountName: FurkanHasan
timestamps:
  login: 1580210584439
  logout: 1580210852313
ipAddress: 185.9.156.198
lastlocation:
  world: world
  x: -101.02646802530029
  y: 100.0625
  z: -419.49353718319264
  yaw: -269.65494
  pitch: 1.927168
money: '500.0'
logoutlocation:
  world: world
  x: -138.5414757508402
  y: 96.5
  z: -405.20485082731574
  yaw: -95.61282
  pitch: 3.0878556
