lastAccountName: SouthWinds
timestamps:
  login: 1580583043794
  logout: 1580583751092
ipAddress: 185.9.156.198
lastlocation:
  world: world
  x: -101.02646802530029
  y: 100.0625
  z: -419.49353718319264
  yaw: -269.65494
  pitch: 1.927168
logoutlocation:
  world: world
  x: -123.69521290608579
  y: 96.0
  z: -415.5591981007358
  yaw: -112.41821
  pitch: 12.850663
money: '500.0'
