lastAccountName: ByLui
timestamps:
  login: 1580824787615
  logout: 1580825139323
ipAddress: 185.9.156.198
lastlocation:
  world: world
  x: -101.02646802530029
  y: 100.0625
  z: -419.49353718319264
  yaw: -269.65494
  pitch: 1.927168
money: '500.0'
logoutlocation:
  world: world
  x: -144.54861468920976
  y: 100.0625
  z: -420.6067955965
  yaw: 192.00172
  pitch: 67.799995
