lastAccountName: bgencacat
timestamps:
  login: 1580570333367
  logout: 1580570512144
ipAddress: 185.9.156.198
lastlocation:
  world: world
  x: -101.02646802530029
  y: 100.0625
  z: -419.49353718319264
  yaw: -269.65494
  pitch: 1.927168
logoutlocation:
  world: world
  x: -142.5055776168678
  y: 99.0
  z: -370.9841144622813
  yaw: -126.405106
  pitch: 68.377174
