lastAccountName: Checked
timestamps:
  login: 1580215512620
  logout: 1580215996832
ipAddress: 185.9.156.198
lastlocation:
  world: world
  x: -101.02646802530029
  y: 100.0625
  z: -419.49353718319264
  yaw: -269.65494
  pitch: 1.927168
money: '500.0'
logoutlocation:
  world: arena
  x: 304.3917036312699
  y: 77.37756010521137
  z: 1599.006257866382
  yaw: -320.7299
  pitch: 8.400057
