lastAccountName: oyunkral47
timestamps:
  login: 1580378254229
  logout: 1580378345089
ipAddress: 185.9.156.198
lastlocation:
  world: world
  x: -101.02646802530029
  y: 100.0625
  z: -419.49353718319264
  yaw: -269.65494
  pitch: 1.927168
logoutlocation:
  world: world
  x: -123.48914923690072
  y: 96.0
  z: -415.9395616879885
  yaw: 248.14485
  pitch: 9.277175
