world: world
x: -3.1966363151221255
y: 110.0
z: 0.5239022699929851
yaw: 89.625725
pitch: 3.749971
name: şanskutuları
