world: arena
x: 77.30000001192093
y: 70.0
z: 1451.699999988079
yaw: 214.22147
pitch: 66.49488
name: amor
