world: arena
x: 165.57015506121584
y: 86.0
z: 3.5608727767192416
yaw: -359.69943
pitch: -0.4500035
name: arenaic
