world: arena
x: 165.56639722583154
y: 92.0
z: -11.499537792609772
yaw: 0.30003694
pitch: 0.45000494
name: arena
