world: world
x: -128.56486418406365
y: 99.0
z: 210.99704739775916
yaw: 2.9829102
pitch: 37.34256
name: balikci
