world: edit
x: -62.120207272308164
y: 8.5
z: -145.9392025189589
yaw: 214.07727
pitch: 3.7984536
name: edit
