world: world
x: 13.719273469696835
y: 113.0
z: -3.576767169932306
yaw: -88.87428
pitch: 3.5999715
name: eniyiadalar
