world: KitEdit
x: 171.14302713760966
y: 124.0
z: 1439.341974865653
yaw: -258.4932
pitch: 22.052094
name: eskispawn
