world: world
x: -3.703843939334078
y: 110.0
z: 0.5787595512857818
yaw: 90.82575
pitch: 4.4999704
name: kasa
