world: world
x: -4.198929975034446
y: 110.0
z: 0.5405290479748946
yaw: 89.92578
pitch: 1.349967
name: kasalar
