world: world
x: -35.38290111949333
y: 105.0
z: 44.44369146815971
yaw: -269.47382
pitch: 7.049997
name: kelimeoyunu
