world: arena
x: 30.504789833064944
y: 146.0
z: 1592.0198479781504
yaw: 18.23172
pitch: 57.061954
name: kum
