world: arena
x: -376.7162994903146
y: 95.0
z: 1789.0288724016143
yaw: -6.465536
pitch: 48.75001
name: lag
