world: world
x: 11.991295538310899
y: 110.0
z: 0.925686903120247
yaw: 0.22583008
pitch: 3.1499622
name: repair
