world: world
x: 0.5
y: 112.0
z: -8.5
yaw: 0.07578406
pitch: 1.499968
name: spawn
