world: world
x: 0.5050587842107428
y: 110.0
z: 14.190566736815533
yaw: 0.6757844
pitch: 2.2499645
name: vote
