world: SkyBlock
x: 20.498184883884527
y: 82.0
z: 22.736922816486427
yaw: -85.65204
pitch: 4.1632557
name: kutu
lastowner: efeb4b84-3691-3e43-b8a0-80df67529ced
